101,8888,0000,9999,틔츰,1392663,2008-01-01
101,8888,0000,9999,틔츰,1430336.28,2008-02-01
101,8888,0000,9999,틔츰,1410000,2008-03-01
101,8888,0000,9999,틔츰,1543178.89,2008-10-01
101,8888,0000,9999,틔츰,1516531.94,2008-11-01
101,8888,0000,9999,틔츰,1511375.57,2008-12-01
101,8888,0000,9999,틔츰,1811747.74,2009-01-01
101,8888,0000,9999,틔츰,1482084.31,2009-02-01
101,8888,0000,9999,틔츰,915384,2009-03-01
102,8888,0000,9999,틔츰,96027,2008-01-01
102,8888,0000,9999,틔츰,103810,2008-02-01
102,8888,0000,9999,틔츰,126730,2008-03-01
102,8888,0000,9999,틔츰,112144,2008-10-01
102,8888,0000,9999,틔츰,98573,2008-11-01
102,8888,0000,9999,틔츰,110342,2008-12-01
102,8888,0000,9999,틔츰,117236,2009-01-01
102,8888,0000,9999,틔츰,106822,2009-02-01
102,8888,0000,9999,틔츰,203700,2009-03-01
103,8888,0000,9999,틔츰,232544,2008-01-01
103,8888,0000,9999,틔츰,180100,2008-02-01
103,8888,0000,9999,틔츰,208702,2008-03-01
103,8888,0000,9999,틔츰,273048,2008-10-01
103,8888,0000,9999,틔츰,285132,2008-11-01
103,8888,0000,9999,틔츰,289701,2008-12-01
103,8888,0000,9999,틔츰,326256,2009-01-01
103,8888,0000,9999,틔츰,132288,2009-02-01
103,8888,0000,9999,틔츰,125715,2009-03-01
104,8888,0000,9999,틔츰,6206,2009-03-01
105,8888,0000,9999,틔츰,36013774.95,2007-11-01
105,8888,0000,9999,틔츰,36470233.2,2007-12-01
105,8888,0000,9999,틔츰,30603610.6,2008-01-01
105,8888,0000,9999,틔츰,47000000,2008-02-01
105,8888,0000,9999,틔츰,36000000,2008-03-01
105,8888,0000,9999,틔츰,36013774.95,2008-10-01
105,8888,0000,9999,틔츰,36470233.2,2008-11-01
105,8888,0000,9999,틔츰,36356869.13,2008-12-01
105,8888,0000,9999,틔츰,72830669.6,2009-01-01
105,8888,0000,9999,틔츰,35805155.3,2009-02-01
105,8888,0000,9999,틔츰,6387,2009-03-01
106,8888,0000,9999,틔츰,38800,2008-10-01
106,8888,0000,9999,틔츰,30979,2008-11-01
106,8888,0000,9999,틔츰,38327,2008-12-01
106,8888,0000,9999,틔츰,58666,2009-01-01
106,8888,0000,9999,틔츰,35263.5,2009-02-01
106,8888,0000,9999,틔츰,48266,2009-03-01
107,8888,0000,9999,틔츰,380208,2007-11-01
107,8888,0000,9999,틔츰,380208,2007-12-01
107,8888,0000,9999,틔츰,863691,2008-01-01
107,8888,0000,9999,틔츰,1380000,2008-02-01
107,8888,0000,9999,틔츰,992320,2008-03-01
107,8888,0000,9999,틔츰,966208,2008-10-01
107,8888,0000,9999,틔츰,796132,2008-11-01
107,8888,0000,9999,틔츰,784976,2008-12-01
107,8888,0000,9999,틔츰,1284932,2009-01-01
107,8888,0000,9999,틔츰,883731,2009-02-01
108,8888,0000,9999,틔츰,170584,2007-11-01
108,8888,0000,9999,틔츰,170584,2007-12-01
108,8888,0000,9999,틔츰,245000,2008-01-01
108,8888,0000,9999,틔츰,308643,2008-02-01
108,8888,0000,9999,틔츰,250000,2008-03-01
108,8888,0000,9999,틔츰,212750,2008-10-01
108,8888,0000,9999,틔츰,193950,2008-11-01
108,8888,0000,9999,틔츰,231500,2008-12-01
108,8888,0000,9999,틔츰,226942,2009-01-01
108,8888,0000,9999,틔츰,230000,2009-02-01
108,8888,0000,9999,틔츰,267826,2009-03-01
109,8888,0000,9999,틔츰,250000,2008-01-01
109,8888,0000,9999,틔츰,317000,2008-02-01
109,8888,0000,9999,틔츰,276000,2008-03-01
109,8888,0000,9999,틔츰,187784,2008-10-01
109,8888,0000,9999,틔츰,172497,2008-11-01
109,8888,0000,9999,틔츰,194562,2008-12-01
109,8888,0000,9999,틔츰,194562,2009-01-01
109,8888,0000,9999,틔츰,155368,2009-02-01
109,8888,0000,9999,틔츰,120330,2009-03-01
110,8888,0000,9999,틔츰,4300000,2007-11-01
110,8888,0000,9999,틔츰,119000,2007-12-01
110,8888,0000,9999,틔츰,5210000,2008-01-01
110,8888,0000,9999,틔츰,5500000,2008-02-01
110,8888,0000,9999,틔츰,5347000,2008-03-01
110,8888,0000,9999,틔츰,5560000,2008-10-01
110,8888,0000,9999,틔츰,4992000,2008-11-01
110,8888,0000,9999,틔츰,3808829,2008-12-01
110,8888,0000,9999,틔츰,6350000,2009-01-01
110,8888,0000,9999,틔츰,2834081,2009-02-01
110,8888,0000,9999,틔츰,10476629,2009-03-01
111,8888,0000,9999,틔츰,29134,2008-10-01
111,8888,0000,9999,틔츰,25497,2008-11-01
111,8888,0000,9999,틔츰,31882,2008-12-01
111,8888,0000,9999,틔츰,26279,2009-01-01
111,8888,0000,9999,틔츰,20863,2009-02-01
111,8888,0000,9999,틔츰,29539,2009-03-01
112,8888,0000,9999,틔츰,220852,2008-10-01
112,8888,0000,9999,틔츰,223591,2008-11-01
112,8888,0000,9999,틔츰,185457,2008-12-01
112,8888,0000,9999,틔츰,205893,2009-01-01
112,8888,0000,9999,틔츰,104700,2009-02-01
112,8888,0000,9999,틔츰,516126,2009-03-01
113,8888,0000,9999,틔츰,84800,2008-01-01
113,8888,0000,9999,틔츰,52972,2008-02-01
113,8888,0000,9999,틔츰,130982,2008-03-01
113,8888,0000,9999,틔츰,93287,2008-10-01
113,8888,0000,9999,틔츰,120718,2008-11-01
113,8888,0000,9999,틔츰,122372,2008-12-01
113,8888,0000,9999,틔츰,122903,2009-01-01
113,8888,0000,9999,틔츰,120605,2009-02-01
113,8888,0000,9999,틔츰,283065,2009-03-01
114,8888,0000,9999,틔츰,1001665,2008-01-01
114,8888,0000,9999,틔츰,1070000,2008-02-01
114,8888,0000,9999,틔츰,1140000,2008-03-01
114,8888,0000,9999,틔츰,1408000,2008-10-01
114,8888,0000,9999,틔츰,1445664,2008-11-01
114,8888,0000,9999,틔츰,1250030,2008-12-01
114,8888,0000,9999,틔츰,1267756,2009-01-01
114,8888,0000,9999,틔츰,1025800,2009-02-01
114,8888,0000,9999,틔츰,1426494,2009-03-01
115,8888,0000,9999,틔츰,926506,2008-01-01
115,8888,0000,9999,틔츰,1177352,2008-02-01
115,8888,0000,9999,틔츰,1200930,2008-03-01
115,8888,0000,9999,틔츰,1595284.58,2008-10-01
115,8888,0000,9999,틔츰,1627753,2008-11-01
115,8888,0000,9999,틔츰,1505835.5,2008-12-01
115,8888,0000,9999,틔츰,2616014.38,2009-01-01
115,8888,0000,9999,틔츰,1324662,2009-02-01
115,8888,0000,9999,틔츰,40385,2009-03-01
116,8888,0000,9999,틔츰,196291,2008-01-01
116,8888,0000,9999,틔츰,181246,2008-02-01
116,8888,0000,9999,틔츰,120513,2008-03-01
116,8888,0000,9999,틔츰,109721,2008-10-01
116,8888,0000,9999,틔츰,134633,2008-11-01
116,8888,0000,9999,틔츰,138069,2008-12-01
116,8888,0000,9999,틔츰,138590,2009-01-01
116,8888,0000,9999,틔츰,131944,2009-02-01
117,8888,0000,9999,틔츰,510982.7,2008-01-01
117,8888,0000,9999,틔츰,1093664,2008-02-01
117,8888,0000,9999,틔츰,1315753.5,2008-03-01
117,8888,0000,9999,틔츰,1427372.5,2008-10-01
117,8888,0000,9999,틔츰,1464948.5,2008-11-01
117,8888,0000,9999,틔츰,1320605.2,2008-12-01
117,8888,0000,9999,틔츰,1931480.7,2009-01-01
117,8888,0000,9999,틔츰,1178092.6,2009-02-01
117,8888,0000,9999,틔츰,93747,2009-03-01
118,8888,0000,9999,틔츰,100892,2008-01-01
118,8888,0000,9999,틔츰,81198,2008-02-01
118,8888,0000,9999,틔츰,79162,2008-03-01
118,8888,0000,9999,틔츰,124782,2008-10-01
118,8888,0000,9999,틔츰,112660,2008-11-01
118,8888,0000,9999,틔츰,137813,2008-12-01
118,8888,0000,9999,틔츰,200111.12,2009-01-01
118,8888,0000,9999,틔츰,91366,2009-02-01
118,8888,0000,9999,틔츰,114251,2009-03-01
119,8888,0000,9999,틔츰,98334,2008-10-01
119,8888,0000,9999,틔츰,86871,2008-11-01
119,8888,0000,9999,틔츰,117721,2008-12-01
119,8888,0000,9999,틔츰,172150,2009-01-01
119,8888,0000,9999,틔츰,99247,2009-02-01
119,8888,0000,9999,틔츰,81908,2009-03-01
120,8888,0000,9999,틔츰,265594,2008-01-01
120,8888,0000,9999,틔츰,96769,2008-02-01
120,8888,0000,9999,틔츰,126698,2008-03-01
120,8888,0000,9999,틔츰,153288,2008-10-01
120,8888,0000,9999,틔츰,329526,2008-11-01
120,8888,0000,9999,틔츰,99950,2008-12-01
120,8888,0000,9999,틔츰,159533,2009-01-01
120,8888,0000,9999,틔츰,86247,2009-02-01
120,8888,0000,9999,틔츰,180049,2009-03-01
121,8888,0000,9999,틔츰,91866,2008-10-01
121,8888,0000,9999,틔츰,57073,2008-11-01
121,8888,0000,9999,틔츰,60205,2008-12-01
121,8888,0000,9999,틔츰,96976,2009-01-01
121,8888,0000,9999,틔츰,72541,2009-02-01
121,8888,0000,9999,틔츰,128100,2009-03-01
122,8888,0000,9999,틔츰,2392,2008-10-01
122,8888,0000,9999,틔츰,2249,2008-11-01
122,8888,0000,9999,틔츰,2227,2008-12-01
122,8888,0000,9999,틔츰,2875,2009-01-01
122,8888,0000,9999,틔츰,2149,2009-02-01
122,8888,0000,9999,틔츰,5899,2009-03-01
123,8888,0000,9999,틔츰,1938,2008-10-01
123,8888,0000,9999,틔츰,1938,2008-11-01
123,8888,0000,9999,틔츰,3206,2008-12-01
123,8888,0000,9999,틔츰,769,2009-01-01
123,8888,0000,9999,틔츰,2050,2009-02-01
123,8888,0000,9999,틔츰,3769,2009-03-01
125,8888,0000,9999,틔츰,151662,2008-10-01
125,8888,0000,9999,틔츰,134889,2008-11-01
125,8888,0000,9999,틔츰,149020,2008-12-01
125,8888,0000,9999,틔츰,159494,2009-01-01
125,8888,0000,9999,틔츰,116146,2009-02-01
125,8888,0000,9999,틔츰,28676,2009-03-01
133,8888,0000,9999,틔츰,27278,2008-10-01
133,8888,0000,9999,틔츰,30258,2008-11-01
133,8888,0000,9999,틔츰,25662,2008-12-01
133,8888,0000,9999,틔츰,22673,2009-01-01
133,8888,0000,9999,틔츰,31515,2009-02-01
133,8888,0000,9999,틔츰,1314330,2009-03-01
137,8888,0000,9999,틔츰,161367.98,2008-10-01
137,8888,0000,9999,틔츰,159702.8,2008-11-01
137,8888,0000,9999,틔츰,157525.9,2008-12-01
137,8888,0000,9999,틔츰,162668.3,2009-01-01
137,8888,0000,9999,틔츰,168083.1,2009-02-01
137,8888,0000,9999,틔츰,184208.6,2009-03-01
138,8888,0000,9999,틔츰,31140.56,2008-10-01
138,8888,0000,9999,틔츰,27585.2,2008-11-01
138,8888,0000,9999,틔츰,22964.6,2008-12-01
138,8888,0000,9999,틔츰,27282,2009-01-01
138,8888,0000,9999,틔츰,21851,2009-02-01
138,8888,0000,9999,틔츰,21981,2009-03-01
139,8888,0000,9999,틔츰,33162.72,2008-10-01
139,8888,0000,9999,틔츰,23626,2008-11-01
139,8888,0000,9999,틔츰,25025,2008-12-01
139,8888,0000,9999,틔츰,28180,2009-01-01
139,8888,0000,9999,틔츰,21943,2009-02-01
139,8888,0000,9999,틔츰,15679,2009-03-01
140,8888,0000,9999,틔츰,34626.7,2008-10-01
140,8888,0000,9999,틔츰,30606,2008-11-01
140,8888,0000,9999,틔츰,31702,2008-12-01
140,8888,0000,9999,틔츰,40730,2009-01-01
140,8888,0000,9999,틔츰,35924,2009-02-01
140,8888,0000,9999,틔츰,42170,2009-03-01
141,8888,0000,9999,틔츰,39721.22,2008-10-01
141,8888,0000,9999,틔츰,39132,2008-11-01
141,8888,0000,9999,틔츰,39247,2008-12-01
141,8888,0000,9999,틔츰,39998,2009-01-01
141,8888,0000,9999,틔츰,29013,2009-02-01
141,8888,0000,9999,틔츰,35334,2009-03-01
142,8888,0000,9999,틔츰,34291.1,2008-10-01
142,8888,0000,9999,틔츰,31093.3,2008-11-01
142,8888,0000,9999,틔츰,27118.6,2008-12-01
142,8888,0000,9999,틔츰,28862.3,2009-01-01
142,8888,0000,9999,틔츰,25430,2009-02-01
142,8888,0000,9999,틔츰,26301.5,2009-03-01
143,8888,0000,9999,틔츰,59858,2008-10-01
143,8888,0000,9999,틔츰,50938,2008-11-01
143,8888,0000,9999,틔츰,43877.2,2008-12-01
143,8888,0000,9999,틔츰,52023,2009-01-01
143,8888,0000,9999,틔츰,51398,2009-02-01
143,8888,0000,9999,틔츰,55609,2009-03-01
144,8888,0000,9999,틔츰,56611.7,2008-10-01
144,8888,0000,9999,틔츰,59922.3,2008-11-01
144,8888,0000,9999,틔츰,66807,2008-12-01
144,8888,0000,9999,틔츰,59936.4,2009-01-01
144,8888,0000,9999,틔츰,8554,2009-02-01
144,8888,0000,9999,틔츰,9575,2009-03-01
145,8888,0000,9999,틔츰,10419,2008-10-01
145,8888,0000,9999,틔츰,9349,2008-11-01
145,8888,0000,9999,틔츰,8330,2008-12-01
145,8888,0000,9999,틔츰,10209,2009-01-01
145,8888,0000,9999,틔츰,9589,2009-02-01
145,8888,0000,9999,틔츰,9880,2009-03-01
146,8888,0000,9999,틔츰,11622,2008-10-01
146,8888,0000,9999,틔츰,11993,2008-11-01
146,8888,0000,9999,틔츰,9838,2008-12-01
146,8888,0000,9999,틔츰,10750,2009-01-01
146,8888,0000,9999,틔츰,6280,2009-02-01
146,8888,0000,9999,틔츰,11880,2009-03-01
148,8888,0000,9999,틔츰,41987.56,2008-10-01
148,8888,0000,9999,틔츰,35425,2008-11-01
148,8888,0000,9999,틔츰,34747,2008-12-01
148,8888,0000,9999,틔츰,44611.9,2009-01-01
148,8888,0000,9999,틔츰,3016,2009-03-01
149,8888,0000,9999,틔츰,5640,2009-02-01
149,8888,0000,9999,틔츰,6230,2009-03-01
154,8888,0000,9999,틔츰,626896,2008-01-01
154,8888,0000,9999,틔츰,743976,2008-02-01
154,8888,0000,9999,틔츰,960239,2008-03-01
154,8888,0000,9999,틔츰,703601,2008-10-01
154,8888,0000,9999,틔츰,652012,2008-11-01
154,8888,0000,9999,틔츰,607033,2008-12-01
154,8888,0000,9999,틔츰,772715,2009-01-01
154,8888,0000,9999,틔츰,414339,2009-02-01
154,8888,0000,9999,틔츰,36911,2009-03-01
155,8888,0000,9999,틔츰,1080000,2007-11-01
155,8888,0000,9999,틔츰,1080000,2007-12-01
155,8888,0000,9999,틔츰,422079,2008-01-01
155,8888,0000,9999,틔츰,399953,2008-02-01
155,8888,0000,9999,틔츰,530481,2008-03-01
155,8888,0000,9999,틔츰,282118,2008-10-01
155,8888,0000,9999,틔츰,229296,2008-11-01
155,8888,0000,9999,틔츰,205721,2008-12-01
155,8888,0000,9999,틔츰,340684,2009-01-01
155,8888,0000,9999,틔츰,248072,2009-02-01
155,8888,0000,9999,틔츰,1547893,2009-03-01
156,8888,0000,9999,틔츰,100660,2008-01-01
156,8888,0000,9999,틔츰,117871,2008-02-01
156,8888,0000,9999,틔츰,173444,2008-03-01
156,8888,0000,9999,틔츰,288280,2008-10-01
156,8888,0000,9999,틔츰,286879,2008-11-01
156,8888,0000,9999,틔츰,292577,2008-12-01
156,8888,0000,9999,틔츰,286927,2009-01-01
156,8888,0000,9999,틔츰,283364,2009-02-01
156,8888,0000,9999,틔츰,143509,2009-03-01
157,8888,0000,9999,틔츰,62579.2,2008-10-01
157,8888,0000,9999,틔츰,51228.1,2008-11-01
157,8888,0000,9999,틔츰,43092,2008-12-01
157,8888,0000,9999,틔츰,35222.2,2009-01-01
157,8888,0000,9999,틔츰,41806,2009-02-01
157,8888,0000,9999,틔츰,40430.5,2009-03-01
158,8888,0000,9999,틔츰,33598.92,2008-10-01
158,8888,0000,9999,틔츰,30101,2008-11-01
158,8888,0000,9999,틔츰,27057,2008-12-01
158,8888,0000,9999,틔츰,31119,2009-01-01
158,8888,0000,9999,틔츰,26048,2009-02-01
158,8888,0000,9999,틔츰,22667,2009-03-01
160,8888,0000,9999,틔츰,48223,2008-10-01
160,8888,0000,9999,틔츰,35796,2008-11-01
160,8888,0000,9999,틔츰,41549,2008-12-01
160,8888,0000,9999,틔츰,118761,2009-01-01
160,8888,0000,9999,틔츰,85322.48,2009-02-01
160,8888,0000,9999,틔츰,169353,2009-03-01
