102,8888,0000,9999,틔츰,265594,2008-1-1
102,8888,0000,9999,틔츰,96769,2008-2-1
102,8888,0000,9999,틔츰,126698,2008-3-1
102,8888,0000,9999,틔츰,153288,2008-10-1
102,8888,0000,9999,틔츰,329526,2008-11-1
102,8888,0000,9999,틔츰,99950,2008-12-1
102,8888,0000,9999,틔츰,159533,2009-1-1
102,8888,0000,9999,틔츰,86247,2009-2-1
102,8888,0000,9999,틔츰,180049,2009-3-1
103,8888,0000,9999,틔츰,1080000,2007-11-1
103,8888,0000,9999,틔츰,1080000,2007-12-1
103,8888,0000,9999,틔츰,422079,2008-1-1
103,8888,0000,9999,틔츰,399953,2008-2-1
103,8888,0000,9999,틔츰,530481,2008-3-1
103,8888,0000,9999,틔츰,282118,2008-10-1
103,8888,0000,9999,틔츰,229296,2008-11-1
103,8888,0000,9999,틔츰,205721,2008-12-1
103,8888,0000,9999,틔츰,340684,2009-1-1
103,8888,0000,9999,틔츰,248072,2009-2-1
103,8888,0000,9999,틔츰,1547893,2009-3-1
104,8888,0000,9999,틔츰,626896,2008-1-1
104,8888,0000,9999,틔츰,743976,2008-2-1
104,8888,0000,9999,틔츰,960239,2008-3-1
104,8888,0000,9999,틔츰,703601,2008-10-1
104,8888,0000,9999,틔츰,652012,2008-11-1
104,8888,0000,9999,틔츰,607033,2008-12-1
104,8888,0000,9999,틔츰,772715,2009-1-1
104,8888,0000,9999,틔츰,414339,2009-2-1
104,8888,0000,9999,틔츰,36911,2009-3-1
105,8888,0000,9999,틔츰,100660,2008-1-1
105,8888,0000,9999,틔츰,117871,2008-2-1
105,8888,0000,9999,틔츰,173444,2008-3-1
105,8888,0000,9999,틔츰,288280,2008-10-1
105,8888,0000,9999,틔츰,286879,2008-11-1
105,8888,0000,9999,틔츰,292577,2008-12-1
105,8888,0000,9999,틔츰,286927,2009-1-1
105,8888,0000,9999,틔츰,283364,2009-2-1
105,8888,0000,9999,틔츰,143509,2009-3-1
106,8888,0000,9999,틔츰,98334,2008-10-1
106,8888,0000,9999,틔츰,86871,2008-11-1
106,8888,0000,9999,틔츰,117721,2008-12-1
106,8888,0000,9999,틔츰,172150,2009-1-1
106,8888,0000,9999,틔츰,99247,2009-2-1
106,8888,0000,9999,틔츰,81908,2009-3-1
107,8888,0000,9999,틔츰,170584,2007-11-1
107,8888,0000,9999,틔츰,170584,2007-12-1
107,8888,0000,9999,틔츰,245000,2008-1-1
107,8888,0000,9999,틔츰,308643,2008-2-1
107,8888,0000,9999,틔츰,250000,2008-3-1
107,8888,0000,9999,틔츰,212750,2008-10-1
107,8888,0000,9999,틔츰,193950,2008-11-1
107,8888,0000,9999,틔츰,231500,2008-12-1
107,8888,0000,9999,틔츰,226942,2009-1-1
107,8888,0000,9999,틔츰,230000,2009-2-1
107,8888,0000,9999,틔츰,267826,2009-3-1
108,8888,0000,9999,틔츰,510982.7,2008-1-1
108,8888,0000,9999,틔츰,1093664,2008-2-1
108,8888,0000,9999,틔츰,1315753.5,2008-3-1
108,8888,0000,9999,틔츰,1427372.5,2008-10-1
108,8888,0000,9999,틔츰,1464948.5,2008-11-1
108,8888,0000,9999,틔츰,1320605.2,2008-12-1
108,8888,0000,9999,틔츰,1931480.7,2009-1-1
108,8888,0000,9999,틔츰,1178092.6,2009-2-1
108,8888,0000,9999,틔츰,93747,2009-3-1
120,8888,0000,9999,틔츰,7000,2008-10-1
120,8888,0000,9999,틔츰,7286.5,2008-11-1
120,8888,0000,9999,틔츰,6419,2008-12-1
120,8888,0000,9999,틔츰,9096,2009-1-1
120,8888,0000,9999,틔츰,8798,2009-2-1
120,8888,0000,9999,틔츰,7953,2009-3-1
110,8888,0000,9999,틔츰,232544,2008-1-1
110,8888,0000,9999,틔츰,180100,2008-2-1
110,8888,0000,9999,틔츰,208702,2008-3-1
110,8888,0000,9999,틔츰,273048,2008-10-1
110,8888,0000,9999,틔츰,285132,2008-11-1
110,8888,0000,9999,틔츰,289701,2008-12-1
110,8888,0000,9999,틔츰,326256,2009-1-1
110,8888,0000,9999,틔츰,132288,2009-2-1
110,8888,0000,9999,틔츰,125715,2009-3-1
111,8888,0000,9999,틔츰,96027,2008-1-1
111,8888,0000,9999,틔츰,103810,2008-2-1
111,8888,0000,9999,틔츰,126730,2008-3-1
111,8888,0000,9999,틔츰,112144,2008-10-1
111,8888,0000,9999,틔츰,98573,2008-11-1
111,8888,0000,9999,틔츰,110342,2008-12-1
111,8888,0000,9999,틔츰,117236,2009-1-1
111,8888,0000,9999,틔츰,106822,2009-2-1
111,8888,0000,9999,틔츰,203700,2009-3-1
112,8888,0000,9999,틔츰,8889,2008-10-1
112,8888,0000,9999,틔츰,6809,2008-11-1
112,8888,0000,9999,틔츰,6434,2008-12-1
112,8888,0000,9999,틔츰,8379,2009-1-1
112,8888,0000,9999,틔츰,8798,2009-2-1
112,8888,0000,9999,틔츰,25747,2009-3-1
119,8888,0000,9999,틔츰,91866,2008-10-1
119,8888,0000,9999,틔츰,57073,2008-11-1
119,8888,0000,9999,틔츰,60205,2008-12-1
119,8888,0000,9999,틔츰,96976,2009-1-1
119,8888,0000,9999,틔츰,72541,2009-2-1
119,8888,0000,9999,틔츰,128100,2009-3-1
118,8888,0000,9999,틔츰,1392663,2008-1-1
118,8888,0000,9999,틔츰,1430336.28,2008-2-1
118,8888,0000,9999,틔츰,1410000,2008-3-1
118,8888,0000,9999,틔츰,1543178.89,2008-10-1
118,8888,0000,9999,틔츰,1516531.94,2008-11-1
118,8888,0000,9999,틔츰,1511375.57,2008-12-1
118,8888,0000,9999,틔츰,1811747.74,2009-1-1
118,8888,0000,9999,틔츰,1482084.31,2009-2-1
118,8888,0000,9999,틔츰,915384,2009-3-1
117,8888,0000,9999,틔츰,250000,2008-1-1
117,8888,0000,9999,틔츰,317000,2008-2-1
117,8888,0000,9999,틔츰,276000,2008-3-1
117,8888,0000,9999,틔츰,187784,2008-10-1
117,8888,0000,9999,틔츰,172497,2008-11-1
117,8888,0000,9999,틔츰,194562,2008-12-1
117,8888,0000,9999,틔츰,194562,2009-1-1
117,8888,0000,9999,틔츰,155368,2009-2-1
117,8888,0000,9999,틔츰,120330,2009-3-1
121,8888,0000,9999,틔츰,220852,2008-10-1
121,8888,0000,9999,틔츰,223591,2008-11-1
121,8888,0000,9999,틔츰,185457,2008-12-1
121,8888,0000,9999,틔츰,205893,2009-1-1
121,8888,0000,9999,틔츰,104700,2009-2-1
121,8888,0000,9999,틔츰,516126,2009-3-1
122,8888,0000,9999,틔츰,1200,2009-3-1
123,8888,0000,9999,틔츰,151662,2008-10-1
123,8888,0000,9999,틔츰,134889,2008-11-1
123,8888,0000,9999,틔츰,149020,2008-12-1
123,8888,0000,9999,틔츰,159494,2009-1-1
123,8888,0000,9999,틔츰,116146,2009-2-1
123,8888,0000,9999,틔츰,28676,2009-3-1
124,8888,0000,9999,틔츰,48223,2008-10-1
124,8888,0000,9999,틔츰,35796,2008-11-1
124,8888,0000,9999,틔츰,41549,2008-12-1
124,8888,0000,9999,틔츰,118761,2009-1-1
124,8888,0000,9999,틔츰,85322.48,2009-2-1
124,8888,0000,9999,틔츰,169353,2009-3-1
125,8888,0000,9999,틔츰,100892,2008-1-1
125,8888,0000,9999,틔츰,81198,2008-2-1
125,8888,0000,9999,틔츰,79162,2008-3-1
125,8888,0000,9999,틔츰,124782,2008-10-1
125,8888,0000,9999,틔츰,112660,2008-11-1
125,8888,0000,9999,틔츰,137813,2008-12-1
125,8888,0000,9999,틔츰,200111.12,2009-1-1
125,8888,0000,9999,틔츰,91366,2009-2-1
125,8888,0000,9999,틔츰,114251,2009-3-1
126,8888,0000,9999,틔츰,196291,2008-1-1
126,8888,0000,9999,틔츰,181246,2008-2-1
126,8888,0000,9999,틔츰,120513,2008-3-1
126,8888,0000,9999,틔츰,109721,2008-10-1
126,8888,0000,9999,틔츰,134633,2008-11-1
126,8888,0000,9999,틔츰,138069,2008-12-1
126,8888,0000,9999,틔츰,138590,2009-1-1
126,8888,0000,9999,틔츰,131944,2009-2-1
127,8888,0000,9999,틔츰,2392,2008-10-1
127,8888,0000,9999,틔츰,2249,2008-11-1
127,8888,0000,9999,틔츰,2227,2008-12-1
127,8888,0000,9999,틔츰,2875,2009-1-1
127,8888,0000,9999,틔츰,2149,2009-2-1
127,8888,0000,9999,틔츰,5899,2009-3-1
128,8888,0000,9999,틔츰,380208,2007-11-1
128,8888,0000,9999,틔츰,380208,2007-12-1
128,8888,0000,9999,틔츰,863691,2008-1-1
128,8888,0000,9999,틔츰,1380000,2008-2-1
128,8888,0000,9999,틔츰,992320,2008-3-1
128,8888,0000,9999,틔츰,966208,2008-10-1
128,8888,0000,9999,틔츰,796132,2008-11-1
128,8888,0000,9999,틔츰,784976,2008-12-1
128,8888,0000,9999,틔츰,1284932,2009-1-1
128,8888,0000,9999,틔츰,883731,2009-2-1
129,8888,0000,9999,틔츰,3634,2008-10-1
129,8888,0000,9999,틔츰,3107,2008-11-1
129,8888,0000,9999,틔츰,2244,2008-12-1
129,8888,0000,9999,틔츰,2346,2009-1-1
129,8888,0000,9999,틔츰,677,2009-2-1
129,8888,0000,9999,틔츰,7953,2009-3-1
130,8888,0000,9999,틔츰,3235,2008-10-1
130,8888,0000,9999,틔츰,2408,2008-11-1
130,8888,0000,9999,틔츰,1783,2008-12-1
130,8888,0000,9999,틔츰,2312,2009-1-1
130,8888,0000,9999,틔츰,1681,2009-2-1
131,8888,0000,9999,틔츰,2978,2008-10-1
131,8888,0000,9999,틔츰,3983,2008-11-1
131,8888,0000,9999,틔츰,3646.6,2008-12-1
131,8888,0000,9999,틔츰,3212,2009-1-1
131,8888,0000,9999,틔츰,3585,2009-2-1
131,8888,0000,9999,틔츰,3538,2009-3-1
132,8888,0000,9999,틔츰,1938,2008-10-1
132,8888,0000,9999,틔츰,1938,2008-11-1
132,8888,0000,9999,틔츰,3206,2008-12-1
132,8888,0000,9999,틔츰,769,2009-1-1
132,8888,0000,9999,틔츰,2050,2009-2-1
132,8888,0000,9999,틔츰,3769,2009-3-1
133,8888,0000,9999,틔츰,16730,2008-10-1
133,8888,0000,9999,틔츰,16861,2008-11-1
133,8888,0000,9999,틔츰,15949,2008-12-1
133,8888,0000,9999,틔츰,16121,2009-1-1
133,8888,0000,9999,틔츰,9789,2009-2-1
133,8888,0000,9999,틔츰,1682,2009-3-1
134,8888,0000,9999,틔츰,926506,2008-1-1
134,8888,0000,9999,틔츰,1177352,2008-2-1
134,8888,0000,9999,틔츰,1200930,2008-3-1
134,8888,0000,9999,틔츰,1595284.58,2008-10-1
134,8888,0000,9999,틔츰,1627753,2008-11-1
134,8888,0000,9999,틔츰,1505835.5,2008-12-1
134,8888,0000,9999,틔츰,2616014.38,2009-1-1
134,8888,0000,9999,틔츰,1324662,2009-2-1
134,8888,0000,9999,틔츰,40385,2009-3-1
135,8888,0000,9999,틔츰,27278,2008-10-1
135,8888,0000,9999,틔츰,30258,2008-11-1
135,8888,0000,9999,틔츰,25662,2008-12-1
135,8888,0000,9999,틔츰,22673,2009-1-1
135,8888,0000,9999,틔츰,31515,2009-2-1
135,8888,0000,9999,틔츰,1314330,2009-3-1
136,8888,0000,9999,틔츰,1001665,2008-1-1
136,8888,0000,9999,틔츰,1070000,2008-2-1
136,8888,0000,9999,틔츰,1140000,2008-3-1
136,8888,0000,9999,틔츰,1408000,2008-10-1
136,8888,0000,9999,틔츰,1445664,2008-11-1
136,8888,0000,9999,틔츰,1250030,2008-12-1
136,8888,0000,9999,틔츰,1267756,2009-1-1
136,8888,0000,9999,틔츰,1025800,2009-2-1
136,8888,0000,9999,틔츰,1426494,2009-3-1
137,8888,0000,9999,틔츰,38800,2008-10-1
137,8888,0000,9999,틔츰,30979,2008-11-1
137,8888,0000,9999,틔츰,38327,2008-12-1
137,8888,0000,9999,틔츰,58666,2009-1-1
137,8888,0000,9999,틔츰,35263.5,2009-2-1
137,8888,0000,9999,틔츰,48266,2009-3-1
138,8888,0000,9999,틔츰,15495,2008-10-1
138,8888,0000,9999,틔츰,23922,2008-11-1
138,8888,0000,9999,틔츰,19477,2008-12-1
138,8888,0000,9999,틔츰,21796,2009-1-1
138,8888,0000,9999,틔츰,9296,2009-2-1
138,8888,0000,9999,틔츰,2452,2009-3-1
139,8888,0000,9999,틔츰,9759,2008-10-1
139,8888,0000,9999,틔츰,9759,2008-11-1
139,8888,0000,9999,틔츰,23642,2008-12-1
140,8888,0000,9999,틔츰,84800,2008-1-1
140,8888,0000,9999,틔츰,52972,2008-2-1
140,8888,0000,9999,틔츰,130982,2008-3-1
140,8888,0000,9999,틔츰,93287,2008-10-1
140,8888,0000,9999,틔츰,120718,2008-11-1
140,8888,0000,9999,틔츰,122372,2008-12-1
140,8888,0000,9999,틔츰,122903,2009-1-1
140,8888,0000,9999,틔츰,120605,2009-2-1
140,8888,0000,9999,틔츰,283065,2009-3-1
142,8888,0000,9999,틔츰,5273,2008-10-1
142,8888,0000,9999,틔츰,5035,2008-11-1
142,8888,0000,9999,틔츰,4903,2008-12-1
142,8888,0000,9999,틔츰,5602,2009-1-1
142,8888,0000,9999,틔츰,10705,2009-3-1
150,8888,0000,9999,틔츰,27678,2008-10-1
150,8888,0000,9999,틔츰,21147,2008-11-1
150,8888,0000,9999,틔츰,23549,2008-12-1
150,8888,0000,9999,틔츰,42888,2009-1-1
150,8888,0000,9999,틔츰,32184,2009-2-1
150,8888,0000,9999,틔츰,124770,2009-3-1
155,8888,0000,9999,틔츰,29134,2008-10-1
155,8888,0000,9999,틔츰,25497,2008-11-1
155,8888,0000,9999,틔츰,31882,2008-12-1
155,8888,0000,9999,틔츰,26279,2009-1-1
155,8888,0000,9999,틔츰,20863,2009-2-1
155,8888,0000,9999,틔츰,29539,2009-3-1
156,8888,0000,9999,틔츰,677,2009-2-1
156,8888,0000,9999,틔츰,3538,2009-3-1
157,8888,0000,9999,틔츰,6050,2009-2-1
157,8888,0000,9999,틔츰,5899,2009-3-1
160,8888,0000,9999,틔츰,36013774.95,2007-11-1
160,8888,0000,9999,틔츰,36470233.2,2007-12-1
160,8888,0000,9999,틔츰,30603610.6,2008-1-1
160,8888,0000,9999,틔츰,47000000,2008-2-1
160,8888,0000,9999,틔츰,36000000,2008-3-1
160,8888,0000,9999,틔츰,36013774.95,2008-10-1
160,8888,0000,9999,틔츰,36470233.2,2008-11-1
160,8888,0000,9999,틔츰,36356869.13,2008-12-1
160,8888,0000,9999,틔츰,72830669.6,2009-1-1
160,8888,0000,9999,틔츰,35805155.3,2009-2-1
160,8888,0000,9999,틔츰,6387,2009-3-1
165,8888,0000,9999,틔츰,33598.92,2008-10-1
165,8888,0000,9999,틔츰,30101,2008-11-1
165,8888,0000,9999,틔츰,27057,2008-12-1
165,8888,0000,9999,틔츰,31119,2009-1-1
165,8888,0000,9999,틔츰,26048,2009-2-1
165,8888,0000,9999,틔츰,22667,2009-3-1
