101,8888,0000,9999,品名,1658619.9,2009-5-31
102,8888,0000,9999,品名,4014.00,2009-5-1
102,8888,0000,9999,品名,4693.00,2009-5-2
102,8888,0000,9999,品名,4785.00,2009-5-3
102,8888,0000,9999,品名,3088.00,2009-5-4
102,8888,0000,9999,品名,3100.00,2009-5-5
102,8888,0000,9999,品名,3300.00,2009-5-6
102,8888,0000,9999,品名,3081.00,2009-5-7
102,8888,0000,9999,品名,4595.00,2009-5-8
102,8888,0000,9999,品名,3700.00,2009-5-9
102,8888,0000,9999,品名,3528.00,2009-5-10
102,8888,0000,9999,品名,2970.00,2009-5-11
102,8888,0000,9999,品名,3100,2009-5-12
102,8888,0000,9999,品名,3700,2009-5-13
102,8888,0000,9999,品名,3305,2009-5-14
102,8888,0000,9999,品名,3202,2009-5-15
102,8888,0000,9999,品名,3403,2009-5-16
102,8888,0000,9999,品名,3904,2009-5-17
102,8888,0000,9999,品名,3909,2009-5-18
102,8888,0000,9999,品名,4037,2009-5-19
102,8888,0000,9999,品名,3700,2009-5-20
102,8888,0000,9999,品名,3695,2009-5-21
102,8888,0000,9999,品名,3128,2009-5-22
102,8888,0000,9999,品名,4150,2009-5-23
102,8888,0000,9999,品名,4401,2009-5-24
102,8888,0000,9999,品名,3608,2009-5-25
102,8888,0000,9999,品名,3300,2009-5-26
102,8888,0000,9999,品名,3500,2009-5-27
102,8888,0000,9999,品名,3600,2009-5-28
102,8888,0000,9999,品名,3652,2009-5-29
102,8888,0000,9999,品名,4503,2009-5-30
102,8888,0000,9999,品名,3500,2009-5-31
103,8888,0000,9999,品名,15000.00,2009-5-1
103,8888,0000,9999,品名,12921.00,2009-5-2
103,8888,0000,9999,品名,12723.00,2009-5-3
103,8888,0000,9999,品名,5855.00,2009-5-4
103,8888,0000,9999,品名,2700.00,2009-5-5
103,8888,0000,9999,品名,4855.00,2009-5-6
103,8888,0000,9999,品名,6340.00,2009-5-7
103,8888,0000,9999,品名,7400.00,2009-5-8
103,8888,0000,9999,品名,5400.00,2009-5-9
103,8888,0000,9999,品名,11613.00,2009-5-10
103,8888,0000,9999,品名,1480.00,2009-5-11
103,8888,0000,9999,品名,3019,2009-5-12
103,8888,0000,9999,品名,4752,2009-5-13
103,8888,0000,9999,品名,4600,2009-5-14
103,8888,0000,9999,品名,4570,2009-5-15
103,8888,0000,9999,品名,5488,2009-5-16
103,8888,0000,9999,品名,10242,2009-5-17
103,8888,0000,9999,品名,6830,2009-5-18
103,8888,0000,9999,品名,5457,2009-5-19
103,8888,0000,9999,品名,4500,2009-5-20
103,8888,0000,9999,品名,6161,2009-5-21
103,8888,0000,9999,品名,4821,2009-5-22
103,8888,0000,9999,品名,10619,2009-5-23
103,8888,0000,9999,品名,9400,2009-5-24
103,8888,0000,9999,品名,3058,2009-5-25
103,8888,0000,9999,品名,2100,2009-5-26
103,8888,0000,9999,品名,3500,2009-5-27
103,8888,0000,9999,品名,3600,2009-5-28
103,8888,0000,9999,品名,10404,2009-5-29
103,8888,0000,9999,品名,5298,2009-5-30
103,8888,0000,9999,品名,5162,2009-5-31
104,8888,0000,9999,品名,353.00,2009-5-1
104,8888,0000,9999,品名,190.00,2009-5-2
104,8888,0000,9999,品名,297.00,2009-5-3
104,8888,0000,9999,品名,158.00,2009-5-4
104,8888,0000,9999,品名,233.00,2009-5-5
104,8888,0000,9999,品名,235.00,2009-5-6
104,8888,0000,9999,品名,160.00,2009-5-7
104,8888,0000,9999,品名,193.00,2009-5-8
104,8888,0000,9999,品名,268.00,2009-5-9
104,8888,0000,9999,品名,235.00,2009-5-10
104,8888,0000,9999,品名,218.00,2009-5-11
104,8888,0000,9999,品名,195,2009-5-12
104,8888,0000,9999,品名,151,2009-5-13
104,8888,0000,9999,品名,129,2009-5-14
104,8888,0000,9999,品名,174,2009-5-15
104,8888,0000,9999,品名,340.5,2009-5-16
104,8888,0000,9999,品名,338.2,2009-5-17
104,8888,0000,9999,品名,193.6,2009-5-18
104,8888,0000,9999,品名,258.8,2009-5-19
104,8888,0000,9999,品名,225.8,2009-5-20
104,8888,0000,9999,品名,415.8,2009-5-21
104,8888,0000,9999,品名,337.4,2009-5-22
104,8888,0000,9999,品名,421.6,2009-5-23
104,8888,0000,9999,品名,529,2009-5-24
104,8888,0000,9999,品名,240.2,2009-5-25
104,8888,0000,9999,品名,340.2,2009-5-26
104,8888,0000,9999,品名,386.8,2009-5-27
104,8888,0000,9999,品名,636.8,2009-5-28
104,8888,0000,9999,品名,573,2009-5-29
104,8888,0000,9999,品名,528.6,2009-5-30
104,8888,0000,9999,品名,348.2,2009-5-31
105,8888,0000,9999,品名,38220877,2009-5-31
106,8888,0000,9999,品名,15000.00,2009-5-1
106,8888,0000,9999,品名,1533.00,2009-5-2
106,8888,0000,9999,品名,1456.00,2009-5-3
106,8888,0000,9999,品名,1098.00,2009-5-4
106,8888,0000,9999,品名,885.00,2009-5-5
106,8888,0000,9999,品名,1463.00,2009-5-6
106,8888,0000,9999,品名,1266.00,2009-5-7
106,8888,0000,9999,品名,2023.00,2009-5-8
106,8888,0000,9999,品名,1100.00,2009-5-9
106,8888,0000,9999,品名,1900.00,2009-5-10
106,8888,0000,9999,品名,813.00,2009-5-11
106,8888,0000,9999,品名,780,2009-5-12
106,8888,0000,9999,品名,1428,2009-5-13
106,8888,0000,9999,品名,1078,2009-5-14
106,8888,0000,9999,品名,1123,2009-5-15
106,8888,0000,9999,品名,1501,2009-5-16
106,8888,0000,9999,品名,1865,2009-5-17
106,8888,0000,9999,品名,1856,2009-5-18
106,8888,0000,9999,品名,1437,2009-5-19
106,8888,0000,9999,品名,1158,2009-5-20
106,8888,0000,9999,品名,1061,2009-5-21
106,8888,0000,9999,品名,1200,2009-5-22
106,8888,0000,9999,品名,1511,2009-5-23
106,8888,0000,9999,品名,3197,2009-5-24
106,8888,0000,9999,品名,1758,2009-5-25
106,8888,0000,9999,品名,1020,2009-5-26
106,8888,0000,9999,品名,985,2009-5-27
106,8888,0000,9999,品名,791,2009-5-28
106,8888,0000,9999,品名,1346,2009-5-29
106,8888,0000,9999,品名,3800,2009-5-30
106,8888,0000,9999,品名,1264,2009-5-31
107,8888,0000,9999,品名,60199.00,2009-5-1
107,8888,0000,9999,品名,92789.00,2009-5-2
107,8888,0000,9999,品名,64706.00,2009-5-3
107,8888,0000,9999,品名,29576.00,2009-5-4
107,8888,0000,9999,品名,28100.00,2009-5-5
107,8888,0000,9999,品名,37500.00,2009-5-6
107,8888,0000,9999,品名,15088.00,2009-5-7
107,8888,0000,9999,品名,29745.00,2009-5-8
107,8888,0000,9999,品名,23000.00,2009-5-9
107,8888,0000,9999,品名,28750.00,2009-5-10
107,8888,0000,9999,品名,48079.00,2009-5-11
107,8888,0000,9999,品名,35000,2009-5-12
107,8888,0000,9999,品名,24065,2009-5-13
107,8888,0000,9999,品名,21611,2009-5-14
107,8888,0000,9999,品名,21081,2009-5-15
107,8888,0000,9999,品名,42810,2009-5-16
107,8888,0000,9999,品名,41546,2009-5-17
107,8888,0000,9999,品名,27304,2009-5-18
107,8888,0000,9999,品名,21704,2009-5-19
107,8888,0000,9999,品名,30000,2009-5-20
107,8888,0000,9999,品名,44613,2009-5-21
107,8888,0000,9999,品名,23712,2009-5-22
107,8888,0000,9999,品名,35120,2009-5-23
107,8888,0000,9999,品名,21030,2009-5-24
107,8888,0000,9999,品名,30069,2009-5-25
107,8888,0000,9999,品名,21715,2009-5-26
107,8888,0000,9999,品名,29100,2009-5-27
107,8888,0000,9999,品名,23500,2009-5-28
107,8888,0000,9999,品名,29727,2009-5-29
107,8888,0000,9999,品名,38322,2009-5-30
107,8888,0000,9999,品名,23800,2009-5-31
108,8888,0000,9999,品名,9100.00,2009-5-1
108,8888,0000,9999,品名,8600.00,2009-5-2
108,8888,0000,9999,品名,9200.00,2009-5-3
108,8888,0000,9999,品名,6200.00,2009-5-4
108,8888,0000,9999,品名,5700.00,2009-5-5
108,8888,0000,9999,品名,6300.00,2009-5-6
108,8888,0000,9999,品名,5900.00,2009-5-7
108,8888,0000,9999,品名,7800.00,2009-5-8
108,8888,0000,9999,品名,7000.00,2009-5-9
108,8888,0000,9999,品名,6500.00,2009-5-10
108,8888,0000,9999,品名,6200.00,2009-5-11
108,8888,0000,9999,品名,6500,2009-5-12
108,8888,0000,9999,品名,6200,2009-5-13
108,8888,0000,9999,品名,6500,2009-5-14
108,8888,0000,9999,品名,6100,2009-5-15
108,8888,0000,9999,品名,5900,2009-5-16
108,8888,0000,9999,品名,8500,2009-5-17
108,8888,0000,9999,品名,5800,2009-5-18
108,8888,0000,9999,品名,4300,2009-5-19
108,8888,0000,9999,品名,4100,2009-5-20
108,8888,0000,9999,品名,8000,2009-5-21
108,8888,0000,9999,品名,5600,2009-5-22
108,8888,0000,9999,品名,7200,2009-5-23
108,8888,0000,9999,品名,7300,2009-5-24
108,8888,0000,9999,品名,5300,2009-5-25
108,8888,0000,9999,品名,5000,2009-5-26
108,8888,0000,9999,品名,6500,2009-5-27
108,8888,0000,9999,品名,6200,2009-5-28
108,8888,0000,9999,品名,6800,2009-5-29
108,8888,0000,9999,品名,6500,2009-5-30
108,8888,0000,9999,品名,6000,2009-5-31
109,8888,0000,9999,品名,14586.00,2009-5-1
109,8888,0000,9999,品名,8870.00,2009-5-2
109,8888,0000,9999,品名,9764.00,2009-5-3
109,8888,0000,9999,品名,4436.00,2009-5-4
109,8888,0000,9999,品名,4750.00,2009-5-5
109,8888,0000,9999,品名,5500.00,2009-5-6
109,8888,0000,9999,品名,4500.00,2009-5-7
109,8888,0000,9999,品名,3741.00,2009-5-8
109,8888,0000,9999,品名,4500.00,2009-5-9
109,8888,0000,9999,品名,7000.00,2009-5-10
109,8888,0000,9999,品名,6037.00,2009-5-11
109,8888,0000,9999,品名,5500,2009-5-12
109,8888,0000,9999,品名,5000,2009-5-13
109,8888,0000,9999,品名,4167,2009-5-14
109,8888,0000,9999,品名,4126,2009-5-15
109,8888,0000,9999,品名,8913,2009-5-16
109,8888,0000,9999,品名,9203,2009-5-17
109,8888,0000,9999,品名,6228,2009-5-18
109,8888,0000,9999,品名,4689,2009-5-19
109,8888,0000,9999,品名,5000,2009-5-20
109,8888,0000,9999,品名,4698,2009-5-21
109,8888,0000,9999,品名,9100,2009-5-22
109,8888,0000,9999,品名,8200,2009-5-23
109,8888,0000,9999,品名,9257,2009-5-24
109,8888,0000,9999,品名,6405,2009-5-25
109,8888,0000,9999,品名,5500,2009-5-26
109,8888,0000,9999,品名,6000,2009-5-27
109,8888,0000,9999,品名,5000,2009-5-28
109,8888,0000,9999,品名,6522,2009-5-29
109,8888,0000,9999,品名,8225,2009-5-30
109,8888,0000,9999,品名,6000,2009-5-31
110,8888,0000,9999,品名,8336387,2009-5-31
111,8888,0000,9999,品名,2879.00,2009-5-1
111,8888,0000,9999,品名,1530.00,2009-5-2
111,8888,0000,9999,品名,1357.00,2009-5-3
111,8888,0000,9999,品名,799.00,2009-5-4
111,8888,0000,9999,品名,869.00,2009-5-5
111,8888,0000,9999,品名,834.00,2009-5-6
111,8888,0000,9999,品名,460.00,2009-5-7
111,8888,0000,9999,品名,807.00,2009-5-8
111,8888,0000,9999,品名,1361.00,2009-5-9
111,8888,0000,9999,品名,700.00,2009-5-10
111,8888,0000,9999,品名,780.00,2009-5-11
111,8888,0000,9999,品名,980,2009-5-12
111,8888,0000,9999,品名,540,2009-5-13
111,8888,0000,9999,品名,667,2009-5-14
111,8888,0000,9999,品名,700,2009-5-15
111,8888,0000,9999,品名,939,2009-5-16
111,8888,0000,9999,品名,1235,2009-5-17
111,8888,0000,9999,品名,671,2009-5-18
111,8888,0000,9999,品名,986,2009-5-19
111,8888,0000,9999,品名,810,2009-5-20
111,8888,0000,9999,品名,534,2009-5-21
111,8888,0000,9999,品名,647,2009-5-22
111,8888,0000,9999,品名,897,2009-5-23
111,8888,0000,9999,品名,760,2009-5-24
111,8888,0000,9999,品名,840,2009-5-25
111,8888,0000,9999,品名,580,2009-5-26
111,8888,0000,9999,品名,769,2009-5-27
111,8888,0000,9999,品名,810,2009-5-28
111,8888,0000,9999,品名,860,2009-5-29
111,8888,0000,9999,品名,1013,2009-5-30
111,8888,0000,9999,品名,997,2009-5-31
112,8888,0000,9999,品名,7000.00,2009-5-1
112,8888,0000,9999,品名,9000.00,2009-5-2
112,8888,0000,9999,品名,8000.00,2009-5-3
112,8888,0000,9999,品名,8000.00,2009-5-4
112,8888,0000,9999,品名,4000.00,2009-5-5
112,8888,0000,9999,品名,3500.00,2009-5-6
112,8888,0000,9999,品名,3000.00,2009-5-7
112,8888,0000,9999,品名,4500.00,2009-5-8
112,8888,0000,9999,品名,3000.00,2009-5-9
112,8888,0000,9999,品名,3500.00,2009-5-10
112,8888,0000,9999,品名,3000.00,2009-5-11
112,8888,0000,9999,品名,2900,2009-5-12
112,8888,0000,9999,品名,2500,2009-5-13
112,8888,0000,9999,品名,4000,2009-5-14
112,8888,0000,9999,品名,3700,2009-5-15
112,8888,0000,9999,品名,7000,2009-5-16
112,8888,0000,9999,品名,10000,2009-5-17
112,8888,0000,9999,品名,4000,2009-5-18
112,8888,0000,9999,品名,5000,2009-5-19
112,8888,0000,9999,品名,3000,2009-5-20
112,8888,0000,9999,品名,2800,2009-5-21
112,8888,0000,9999,品名,4000,2009-5-22
112,8888,0000,9999,品名,9000,2009-5-23
112,8888,0000,9999,品名,8500,2009-5-24
112,8888,0000,9999,品名,3000,2009-5-25
112,8888,0000,9999,品名,2800,2009-5-26
112,8888,0000,9999,品名,3200,2009-5-27
112,8888,0000,9999,品名,3800,2009-5-28
112,8888,0000,9999,品名,10000,2009-5-29
112,8888,0000,9999,品名,10000,2009-5-30
112,8888,0000,9999,品名,8000,2009-5-31
113,8888,0000,9999,品名,5056.00,2009-5-1
113,8888,0000,9999,品名,4425.00,2009-5-2
113,8888,0000,9999,品名,4923.00,2009-5-3
113,8888,0000,9999,品名,4625.00,2009-5-4
113,8888,0000,9999,品名,2529.00,2009-5-5
113,8888,0000,9999,品名,4908.00,2009-5-6
113,8888,0000,9999,品名,2074.00,2009-5-7
113,8888,0000,9999,品名,2856.00,2009-5-8
113,8888,0000,9999,品名,2527.00,2009-5-9
113,8888,0000,9999,品名,3295.00,2009-5-10
113,8888,0000,9999,品名,2160.00,2009-5-11
113,8888,0000,9999,品名,2916,2009-5-12
113,8888,0000,9999,品名,1086,2009-5-13
113,8888,0000,9999,品名,2385,2009-5-14
113,8888,0000,9999,品名,3075,2009-5-15
113,8888,0000,9999,品名,3457,2009-5-16
113,8888,0000,9999,品名,2743,2009-5-17
113,8888,0000,9999,品名,2485,2009-5-18
113,8888,0000,9999,品名,1527,2009-5-19
113,8888,0000,9999,品名,2107,2009-5-20
113,8888,0000,9999,品名,562,2009-5-21
113,8888,0000,9999,品名,2077,2009-5-22
113,8888,0000,9999,品名,793,2009-5-23
113,8888,0000,9999,品名,1978,2009-5-24
113,8888,0000,9999,品名,1242,2009-5-25
113,8888,0000,9999,品名,1560,2009-5-26
113,8888,0000,9999,品名,1761,2009-5-27
113,8888,0000,9999,品名,1421,2009-5-28
113,8888,0000,9999,品名,2459,2009-5-29
113,8888,0000,9999,品名,2050,2009-5-30
113,8888,0000,9999,品名,1550,2009-5-31
114,8888,0000,9999,品名,62000.00,2009-5-1
114,8888,0000,9999,品名,65000.00,2009-5-2
114,8888,0000,9999,品名,65000.00,2009-5-3
114,8888,0000,9999,品名,40000.00,2009-5-4
114,8888,0000,9999,品名,50000.00,2009-5-5
114,8888,0000,9999,品名,40000.00,2009-5-6
114,8888,0000,9999,品名,35000.00,2009-5-7
114,8888,0000,9999,品名,50000.00,2009-5-8
114,8888,0000,9999,品名,60000.00,2009-5-9
114,8888,0000,9999,品名,85000.00,2009-5-10
114,8888,0000,9999,品名,36000.00,2009-5-11
114,8888,0000,9999,品名,40000,2009-5-12
114,8888,0000,9999,品名,32000,2009-5-13
114,8888,0000,9999,品名,37000,2009-5-14
114,8888,0000,9999,品名,3600,2009-5-15
114,8888,0000,9999,品名,6200,2009-5-16
114,8888,0000,9999,品名,6100,2009-5-17
114,8888,0000,9999,品名,36000,2009-5-18
114,8888,0000,9999,品名,37000,2009-5-19
114,8888,0000,9999,品名,35000,2009-5-20
114,8888,0000,9999,品名,41000,2009-5-21
114,8888,0000,9999,品名,40000,2009-5-22
114,8888,0000,9999,品名,59000,2009-5-23
114,8888,0000,9999,品名,63000,2009-5-24
114,8888,0000,9999,品名,36000,2009-5-25
114,8888,0000,9999,品名,30000,2009-5-26
114,8888,0000,9999,品名,36000,2009-5-27
114,8888,0000,9999,品名,32000,2009-5-28
114,8888,0000,9999,品名,48000,2009-5-29
114,8888,0000,9999,品名,52000,2009-5-30
114,8888,0000,9999,品名,45300,2009-5-31
115,8888,0000,9999,品名,63920.00,2009-5-1
115,8888,0000,9999,品名,67847.00,2009-5-2
115,8888,0000,9999,品名,80766.00,2009-5-3
115,8888,0000,9999,品名,49849.00,2009-5-4
115,8888,0000,9999,品名,28528.00,2009-5-5
115,8888,0000,9999,品名,31941.00,2009-5-6
115,8888,0000,9999,品名,42099.00,2009-5-7
115,8888,0000,9999,品名,50696.00,2009-5-8
115,8888,0000,9999,品名,18784.00,2009-5-9
115,8888,0000,9999,品名,27896.00,2009-5-10
115,8888,0000,9999,品名,38419.00,2009-5-11
115,8888,0000,9999,品名,39913,2009-5-12
115,8888,0000,9999,品名,35231,2009-5-13
115,8888,0000,9999,品名,41836,2009-5-14
115,8888,0000,9999,品名,42020,2009-5-15
115,8888,0000,9999,品名,60340,2009-5-16
115,8888,0000,9999,品名,69591,2009-5-17
115,8888,0000,9999,品名,28754,2009-5-18
115,8888,0000,9999,品名,35731,2009-5-19
115,8888,0000,9999,品名,39741,2009-5-20
115,8888,0000,9999,品名,34692,2009-5-21
115,8888,0000,9999,品名,36488,2009-5-22
115,8888,0000,9999,品名,67720,2009-5-23
115,8888,0000,9999,品名,56861,2009-5-24
115,8888,0000,9999,品名,36171,2009-5-25
115,8888,0000,9999,品名,33009,2009-5-26
115,8888,0000,9999,品名,32792,2009-5-27
115,8888,0000,9999,品名,33552,2009-5-28
115,8888,0000,9999,品名,54782,2009-5-29
115,8888,0000,9999,品名,55061,2009-5-30
115,8888,0000,9999,品名,167910,2009-5-31
116,8888,0000,9999,品名,7751.00,2009-5-1
116,8888,0000,9999,品名,7446.00,2009-5-2
116,8888,0000,9999,品名,5279.00,2009-5-3
116,8888,0000,9999,品名,4562.00,2009-5-4
116,8888,0000,9999,品名,3826.00,2009-5-5
116,8888,0000,9999,品名,5169.00,2009-5-6
116,8888,0000,9999,品名,3952.00,2009-5-7
116,8888,0000,9999,品名,2770.00,2009-5-8
116,8888,0000,9999,品名,4424.00,2009-5-9
116,8888,0000,9999,品名,4001.00,2009-5-10
116,8888,0000,9999,品名,3904.00,2009-5-11
116,8888,0000,9999,品名,2996,2009-5-12
116,8888,0000,9999,品名,4651,2009-5-13
116,8888,0000,9999,品名,4607,2009-5-14
116,8888,0000,9999,品名,4588,2009-5-15
116,8888,0000,9999,品名,3166,2009-5-16
116,8888,0000,9999,品名,3838,2009-5-17
116,8888,0000,9999,品名,3403,2009-5-18
116,8888,0000,9999,品名,2237,2009-5-19
116,8888,0000,9999,品名,2475,2009-5-20
116,8888,0000,9999,品名,827,2009-5-21
116,8888,0000,9999,品名,2112,2009-5-22
116,8888,0000,9999,品名,142,2009-5-23
116,8888,0000,9999,品名,1840,2009-5-24
116,8888,0000,9999,品名,988,2009-5-25
116,8888,0000,9999,品名,2102,2009-5-26
116,8888,0000,9999,品名,1842,2009-5-27
116,8888,0000,9999,品名,1710,2009-5-28
116,8888,0000,9999,品名,3202,2009-5-29
116,8888,0000,9999,品名,2046,2009-5-30
116,8888,0000,9999,品名,6260,2009-5-31
117,8888,0000,9999,品名,104843.80,2009-5-1
117,8888,0000,9999,品名,106257.60,2009-5-2
117,8888,0000,9999,品名,105360.60,2009-5-3
117,8888,0000,9999,品名,50257.00,2009-5-4
117,8888,0000,9999,品名,39277.00,2009-5-5
117,8888,0000,9999,品名,41890.00,2009-5-6
117,8888,0000,9999,品名,34713.00,2009-5-7
117,8888,0000,9999,品名,50427.00,2009-5-8
117,8888,0000,9999,品名,90703.00,2009-5-9
117,8888,0000,9999,品名,91848.40,2009-5-10
117,8888,0000,9999,品名,30402.00,2009-5-11
117,8888,0000,9999,品名,34283,2009-5-12
117,8888,0000,9999,品名,44653,2009-5-13
117,8888,0000,9999,品名,36946,2009-5-14
117,8888,0000,9999,品名,44580.4,2009-5-15
117,8888,0000,9999,品名,73715,2009-5-16
117,8888,0000,9999,品名,82681.8,2009-5-17
117,8888,0000,9999,品名,35316,2009-5-18
117,8888,0000,9999,品名,45511.4,2009-5-19
117,8888,0000,9999,品名,47023.2,2009-5-20
117,8888,0000,9999,品名,29455.2,2009-5-21
117,8888,0000,9999,品名,43852.2,2009-5-22
117,8888,0000,9999,品名,67549.4,2009-5-23
117,8888,0000,9999,品名,87955,2009-5-24
117,8888,0000,9999,品名,36039.4,2009-5-25
117,8888,0000,9999,品名,39693.6,2009-5-26
117,8888,0000,9999,品名,49951.8,2009-5-27
117,8888,0000,9999,品名,83582.6,2009-5-28
117,8888,0000,9999,品名,67031.6,2009-5-29
117,8888,0000,9999,品名,75362,2009-5-30
117,8888,0000,9999,品名,47551,2009-5-31
118,8888,0000,9999,品名,5798.00,2009-5-1
118,8888,0000,9999,品名,5559.00,2009-5-2
118,8888,0000,9999,品名,6048.00,2009-5-3
118,8888,0000,9999,品名,4693.00,2009-5-4
118,8888,0000,9999,品名,2514.00,2009-5-5
118,8888,0000,9999,品名,3396.00,2009-5-6
118,8888,0000,9999,品名,2010.00,2009-5-7
118,8888,0000,9999,品名,422.00,2009-5-8
118,8888,0000,9999,品名,3100.00,2009-5-9
118,8888,0000,9999,品名,3700.00,2009-5-10
118,8888,0000,9999,品名,2700.00,2009-5-11
118,8888,0000,9999,品名,4012,2009-5-12
118,8888,0000,9999,品名,3780,2009-5-13
118,8888,0000,9999,品名,1750,2009-5-14
118,8888,0000,9999,品名,1618,2009-5-15
118,8888,0000,9999,品名,4303,2009-5-16
118,8888,0000,9999,品名,6124,2009-5-17
118,8888,0000,9999,品名,809,2009-5-18
118,8888,0000,9999,品名,3587,2009-5-19
118,8888,0000,9999,品名,3729,2009-5-20
118,8888,0000,9999,品名,386,2009-5-21
118,8888,0000,9999,品名,2614,2009-5-22
118,8888,0000,9999,品名,4555,2009-5-23
118,8888,0000,9999,品名,3307,2009-5-24
118,8888,0000,9999,品名,2733,2009-5-25
118,8888,0000,9999,品名,3196,2009-5-26
118,8888,0000,9999,品名,3769,2009-5-27
118,8888,0000,9999,品名,4100,2009-5-28
118,8888,0000,9999,品名,2084,2009-5-29
118,8888,0000,9999,品名,3846,2009-5-30
118,8888,0000,9999,品名,1489,2009-5-31
119,8888,0000,9999,品名,3500.00,2009-5-1
119,8888,0000,9999,品名,2346.00,2009-5-2
119,8888,0000,9999,品名,2300.00,2009-5-3
119,8888,0000,9999,品名,2400.00,2009-5-4
119,8888,0000,9999,品名,2306.00,2009-5-5
119,8888,0000,9999,品名,2000.00,2009-5-6
119,8888,0000,9999,品名,2000.00,2009-5-7
119,8888,0000,9999,品名,1000.00,2009-5-8
119,8888,0000,9999,品名,2800.00,2009-5-9
119,8888,0000,9999,品名,6000.00,2009-5-10
119,8888,0000,9999,品名,1298.00,2009-5-11
119,8888,0000,9999,品名,1800,2009-5-12
119,8888,0000,9999,品名,516,2009-5-13
119,8888,0000,9999,品名,1500,2009-5-14
119,8888,0000,9999,品名,2000,2009-5-15
119,8888,0000,9999,品名,4500,2009-5-16
119,8888,0000,9999,品名,2550,2009-5-17
119,8888,0000,9999,品名,1900,2009-5-18
119,8888,0000,9999,品名,2000,2009-5-19
119,8888,0000,9999,品名,3600,2009-5-20
119,8888,0000,9999,品名,3000,2009-5-21
119,8888,0000,9999,品名,3000,2009-5-22
119,8888,0000,9999,品名,3100,2009-5-23
119,8888,0000,9999,品名,4500,2009-5-24
119,8888,0000,9999,品名,2200,2009-5-25
120,8888,0000,9999,品名,4000.00,2009-5-1
120,8888,0000,9999,品名,4445.00,2009-5-2
120,8888,0000,9999,品名,3500.00,2009-5-3
120,8888,0000,9999,品名,2871.00,2009-5-4
120,8888,0000,9999,品名,2700.00,2009-5-5
120,8888,0000,9999,品名,2092.00,2009-5-6
120,8888,0000,9999,品名,1077.00,2009-5-7
120,8888,0000,9999,品名,1756.00,2009-5-8
120,8888,0000,9999,品名,4631.00,2009-5-9
120,8888,0000,9999,品名,5751.00,2009-5-10
120,8888,0000,9999,品名,2800.00,2009-5-11
120,8888,0000,9999,品名,2200,2009-5-12
120,8888,0000,9999,品名,2983,2009-5-13
120,8888,0000,9999,品名,2425,2009-5-14
120,8888,0000,9999,品名,1787,2009-5-15
120,8888,0000,9999,品名,4660,2009-5-16
120,8888,0000,9999,品名,6121,2009-5-17
120,8888,0000,9999,品名,2800,2009-5-18
120,8888,0000,9999,品名,3205,2009-5-19
120,8888,0000,9999,品名,4000,2009-5-20
120,8888,0000,9999,品名,2532,2009-5-21
120,8888,0000,9999,品名,3600,2009-5-22
120,8888,0000,9999,品名,5000,2009-5-23
120,8888,0000,9999,品名,4885,2009-5-24
120,8888,0000,9999,品名,2351,2009-5-25
120,8888,0000,9999,品名,1700,2009-5-26
120,8888,0000,9999,品名,1800,2009-5-27
120,8888,0000,9999,品名,3200,2009-5-28
120,8888,0000,9999,品名,5095,2009-5-29
120,8888,0000,9999,品名,4800,2009-5-30
120,8888,0000,9999,品名,7223,2009-5-31
121,8888,0000,9999,品名,3214.00,2009-5-1
121,8888,0000,9999,品名,3260.00,2009-5-2
121,8888,0000,9999,品名,2018.00,2009-5-3
121,8888,0000,9999,品名,3887.00,2009-5-5
121,8888,0000,9999,品名,5370.00,2009-5-6
121,8888,0000,9999,品名,750.00,2009-5-7
121,8888,0000,9999,品名,1575.00,2009-5-8
121,8888,0000,9999,品名,1399.00,2009-5-9
121,8888,0000,9999,品名,824.00,2009-5-10
121,8888,0000,9999,品名,1512.00,2009-5-11
121,8888,0000,9999,品名,530,2009-5-13
121,8888,0000,9999,品名,3520,2009-5-14
121,8888,0000,9999,品名,852,2009-5-15
121,8888,0000,9999,品名,3368,2009-5-16
121,8888,0000,9999,品名,2697,2009-5-17
121,8888,0000,9999,品名,3330,2009-5-18
121,8888,0000,9999,品名,1400,2009-5-19
121,8888,0000,9999,品名,2854,2009-5-20
121,8888,0000,9999,品名,426,2009-5-21
121,8888,0000,9999,品名,3494,2009-5-22
121,8888,0000,9999,品名,4252,2009-5-23
121,8888,0000,9999,品名,1876,2009-5-24
121,8888,0000,9999,品名,3717,2009-5-25
121,8888,0000,9999,品名,7650,2009-5-27
121,8888,0000,9999,品名,4195,2009-5-28
121,8888,0000,9999,品名,3037,2009-5-29
121,8888,0000,9999,品名,10270,2009-5-30
121,8888,0000,9999,品名,-6009,2009-5-31
122,8888,0000,9999,品名,100.00,2009-5-1
122,8888,0000,9999,品名,60.00,2009-5-2
122,8888,0000,9999,品名,80.00,2009-5-3
122,8888,0000,9999,品名,70.00,2009-5-4
122,8888,0000,9999,品名,60.00,2009-5-5
122,8888,0000,9999,品名,70.00,2009-5-6
122,8888,0000,9999,品名,80.00,2009-5-7
122,8888,0000,9999,品名,100.00,2009-5-8
122,8888,0000,9999,品名,80.00,2009-5-9
122,8888,0000,9999,品名,110.00,2009-5-10
122,8888,0000,9999,品名,80.00,2009-5-11
122,8888,0000,9999,品名,60,2009-5-12
122,8888,0000,9999,品名,230,2009-5-13
122,8888,0000,9999,品名,80,2009-5-14
122,8888,0000,9999,品名,70,2009-5-15
122,8888,0000,9999,品名,50,2009-5-16
122,8888,0000,9999,品名,180,2009-5-17
122,8888,0000,9999,品名,70,2009-5-18
122,8888,0000,9999,品名,120,2009-5-19
122,8888,0000,9999,品名,40,2009-5-20
122,8888,0000,9999,品名,45,2009-5-21
122,8888,0000,9999,品名,20,2009-5-22
122,8888,0000,9999,品名,50,2009-5-23
122,8888,0000,9999,品名,120,2009-5-24
122,8888,0000,9999,品名,60,2009-5-25
122,8888,0000,9999,品名,110,2009-5-26
122,8888,0000,9999,品名,60,2009-5-27
122,8888,0000,9999,品名,30,2009-5-28
122,8888,0000,9999,品名,70,2009-5-29
122,8888,0000,9999,品名,20,2009-5-30
122,8888,0000,9999,品名,130,2009-5-31
123,8888,0000,9999,品名,59.00,2009-5-1
123,8888,0000,9999,品名,98.00,2009-5-2
123,8888,0000,9999,品名,70.00,2009-5-3
123,8888,0000,9999,品名,48.00,2009-5-4
123,8888,0000,9999,品名,53.00,2009-5-5
123,8888,0000,9999,品名,45.00,2009-5-6
123,8888,0000,9999,品名,50.00,2009-5-7
123,8888,0000,9999,品名,80.00,2009-5-8
123,8888,0000,9999,品名,68.00,2009-5-9
123,8888,0000,9999,品名,128.00,2009-5-10
123,8888,0000,9999,品名,38.00,2009-5-11
123,8888,0000,9999,品名,65,2009-5-12
123,8888,0000,9999,品名,15,2009-5-13
123,8888,0000,9999,品名,48,2009-5-14
123,8888,0000,9999,品名,30,2009-5-15
123,8888,0000,9999,品名,50,2009-5-16
123,8888,0000,9999,品名,60,2009-5-17
123,8888,0000,9999,品名,60,2009-5-18
123,8888,0000,9999,品名,40,2009-5-19
123,8888,0000,9999,品名,55,2009-5-20
123,8888,0000,9999,品名,42,2009-5-21
123,8888,0000,9999,品名,20,2009-5-22
123,8888,0000,9999,品名,30,2009-5-23
123,8888,0000,9999,品名,45,2009-5-24
123,8888,0000,9999,品名,34,2009-5-25
123,8888,0000,9999,品名,81,2009-5-26
123,8888,0000,9999,品名,260,2009-5-27
123,8888,0000,9999,品名,200,2009-5-28
123,8888,0000,9999,品名,230,2009-5-29
123,8888,0000,9999,品名,200,2009-5-30
123,8888,0000,9999,品名,180,2009-5-31
125,8888,0000,9999,品名,3722.00,2009-5-1
125,8888,0000,9999,品名,5719.00,2009-5-2
125,8888,0000,9999,品名,6190.00,2009-5-3
125,8888,0000,9999,品名,5031.00,2009-5-4
125,8888,0000,9999,品名,4198.00,2009-5-5
125,8888,0000,9999,品名,3904.00,2009-5-6
125,8888,0000,9999,品名,5139.00,2009-5-7
125,8888,0000,9999,品名,4292.00,2009-5-8
125,8888,0000,9999,品名,4538.00,2009-5-9
125,8888,0000,9999,品名,3555.00,2009-5-10
125,8888,0000,9999,品名,3810.00,2009-5-11
125,8888,0000,9999,品名,3098,2009-5-12
125,8888,0000,9999,品名,4293,2009-5-13
125,8888,0000,9999,品名,3935,2009-5-14
125,8888,0000,9999,品名,4460,2009-5-15
125,8888,0000,9999,品名,4429,2009-5-16
125,8888,0000,9999,品名,5473,2009-5-17
125,8888,0000,9999,品名,4230,2009-5-18
125,8888,0000,9999,品名,4628,2009-5-19
125,8888,0000,9999,品名,4060,2009-5-20
125,8888,0000,9999,品名,4077,2009-5-21
125,8888,0000,9999,品名,4493,2009-5-22
125,8888,0000,9999,品名,5500,2009-5-23
125,8888,0000,9999,品名,5067,2009-5-24
125,8888,0000,9999,品名,4602,2009-5-25
125,8888,0000,9999,品名,3900,2009-5-26
125,8888,0000,9999,品名,3709,2009-5-27
125,8888,0000,9999,品名,3496,2009-5-28
125,8888,0000,9999,品名,5639,2009-5-29
125,8888,0000,9999,品名,5385,2009-5-30
125,8888,0000,9999,品名,4737,2009-5-31
137,8888,0000,9999,品名,6301.20,2009-5-1
137,8888,0000,9999,品名,6738.00,2009-5-2
137,8888,0000,9999,品名,6005.20,2009-5-3
137,8888,0000,9999,品名,3919.00,2009-5-4
137,8888,0000,9999,品名,3676.00,2009-5-5
137,8888,0000,9999,品名,3817.00,2009-5-6
137,8888,0000,9999,品名,3376.20,2009-5-7
137,8888,0000,9999,品名,3758.00,2009-5-8
137,8888,0000,9999,品名,7273.00,2009-5-9
137,8888,0000,9999,品名,6269.00,2009-5-10
137,8888,0000,9999,品名,2676.00,2009-5-11
137,8888,0000,9999,品名,3526,2009-5-12
137,8888,0000,9999,品名,3245,2009-5-13
137,8888,0000,9999,品名,3427,2009-5-14
137,8888,0000,9999,品名,5351,2009-5-15
137,8888,0000,9999,品名,7633.08,2009-5-16
137,8888,0000,9999,品名,9943.92,2009-5-17
137,8888,0000,9999,品名,4575.1,2009-5-18
137,8888,0000,9999,品名,5835.7,2009-5-19
137,8888,0000,9999,品名,5086.68,2009-5-20
137,8888,0000,9999,品名,5938.6,2009-5-21
137,8888,0000,9999,品名,7092.24,2009-5-22
137,8888,0000,9999,品名,9531.34,2009-5-23
137,8888,0000,9999,品名,9024.82,2009-5-24
137,8888,0000,9999,品名,5559.64,2009-5-25
137,8888,0000,9999,品名,6245.96,2009-5-26
137,8888,0000,9999,品名,8225.56,2009-5-27
137,8888,0000,9999,品名,11053.76,2009-5-28
137,8888,0000,9999,品名,9492.64,2009-5-29
137,8888,0000,9999,品名,9773.58,2009-5-30
137,8888,0000,9999,品名,5379.6,2009-5-31
138,8888,0000,9999,品名,682.00,2009-5-1
138,8888,0000,9999,品名,516.00,2009-5-2
138,8888,0000,9999,品名,462.00,2009-5-3
138,8888,0000,9999,品名,451.00,2009-5-4
138,8888,0000,9999,品名,367.00,2009-5-5
138,8888,0000,9999,品名,248.00,2009-5-6
138,8888,0000,9999,品名,403.00,2009-5-7
138,8888,0000,9999,品名,475.00,2009-5-8
138,8888,0000,9999,品名,657.00,2009-5-9
138,8888,0000,9999,品名,702.00,2009-5-10
138,8888,0000,9999,品名,275.00,2009-5-11
138,8888,0000,9999,品名,418,2009-5-12
138,8888,0000,9999,品名,225,2009-5-13
138,8888,0000,9999,品名,445,2009-5-14
138,8888,0000,9999,品名,502,2009-5-15
138,8888,0000,9999,品名,539.4,2009-5-16
138,8888,0000,9999,品名,923.6,2009-5-17
138,8888,0000,9999,品名,444.6,2009-5-18
138,8888,0000,9999,品名,517.6,2009-5-19
138,8888,0000,9999,品名,534.2,2009-5-20
138,8888,0000,9999,品名,555.6,2009-5-21
138,8888,0000,9999,品名,715.4,2009-5-22
138,8888,0000,9999,品名,873.8,2009-5-23
138,8888,0000,9999,品名,996.6,2009-5-24
138,8888,0000,9999,品名,634.4,2009-5-25
138,8888,0000,9999,品名,779.4,2009-5-26
138,8888,0000,9999,品名,790.4,2009-5-27
138,8888,0000,9999,品名,1174.4,2009-5-28
138,8888,0000,9999,品名,1104.2,2009-5-29
138,8888,0000,9999,品名,839.4,2009-5-30
138,8888,0000,9999,品名,587.6,2009-5-31
139,8888,0000,9999,品名,480.00,2009-5-1
139,8888,0000,9999,品名,311.00,2009-5-2
139,8888,0000,9999,品名,196.00,2009-5-3
139,8888,0000,9999,品名,51.00,2009-5-4
139,8888,0000,9999,品名,20.00,2009-5-5
139,8888,0000,9999,品名,10.00,2009-5-7
139,8888,0000,9999,品名,10.00,2009-5-8
139,8888,0000,9999,品名,2.00,2009-5-9
139,8888,0000,9999,品名,3.00,2009-5-10
139,8888,0000,9999,品名,1.00,2009-5-11
139,8888,0000,9999,品名,1,2009-5-12
139,8888,0000,9999,品名,1,2009-5-13
139,8888,0000,9999,品名,1,2009-5-14
139,8888,0000,9999,品名,1,2009-5-15
139,8888,0000,9999,品名,1,2009-5-16
139,8888,0000,9999,品名,2.7,2009-5-17
139,8888,0000,9999,品名,1,2009-5-18
139,8888,0000,9999,品名,1,2009-5-19
139,8888,0000,9999,品名,1,2009-5-21
139,8888,0000,9999,品名,1,2009-5-22
139,8888,0000,9999,品名,1,2009-5-23
139,8888,0000,9999,品名,1,2009-5-24
139,8888,0000,9999,品名,1.2,2009-5-25
139,8888,0000,9999,品名,1,2009-5-26
139,8888,0000,9999,品名,1,2009-5-27
139,8888,0000,9999,品名,1,2009-5-28
139,8888,0000,9999,品名,1,2009-5-29
139,8888,0000,9999,品名,1,2009-5-30
139,8888,0000,9999,品名,1,2009-5-31
140,8888,0000,9999,品名,902.00,2009-5-1
140,8888,0000,9999,品名,1283.00,2009-5-2
140,8888,0000,9999,品名,1222.00,2009-5-3
140,8888,0000,9999,品名,674.00,2009-5-4
140,8888,0000,9999,品名,631.00,2009-5-5
140,8888,0000,9999,品名,890.00,2009-5-6
140,8888,0000,9999,品名,872.00,2009-5-7
140,8888,0000,9999,品名,903.00,2009-5-8
140,8888,0000,9999,品名,1078.00,2009-5-9
140,8888,0000,9999,品名,1040.00,2009-5-10
140,8888,0000,9999,品名,712.00,2009-5-11
140,8888,0000,9999,品名,825,2009-5-12
140,8888,0000,9999,品名,602,2009-5-13
140,8888,0000,9999,品名,705,2009-5-14
140,8888,0000,9999,品名,753,2009-5-15
140,8888,0000,9999,品名,1023.8,2009-5-16
140,8888,0000,9999,品名,1296,2009-5-17
140,8888,0000,9999,品名,1041.8,2009-5-18
140,8888,0000,9999,品名,911.6,2009-5-19
140,8888,0000,9999,品名,963.6,2009-5-20
140,8888,0000,9999,品名,1058,2009-5-21
140,8888,0000,9999,品名,1273,2009-5-22
140,8888,0000,9999,品名,1569.1,2009-5-23
140,8888,0000,9999,品名,1289,2009-5-24
140,8888,0000,9999,品名,1076.4,2009-5-25
140,8888,0000,9999,品名,1053.8,2009-5-26
140,8888,0000,9999,品名,1053.72,2009-5-27
140,8888,0000,9999,品名,1125.8,2009-5-28
140,8888,0000,9999,品名,1176.4,2009-5-29
140,8888,0000,9999,品名,1078.8,2009-5-30
140,8888,0000,9999,品名,930.4,2009-5-31
141,8888,0000,9999,品名,1087.00,2009-5-1
141,8888,0000,9999,品名,932.00,2009-5-2
141,8888,0000,9999,品名,1436.00,2009-5-3
141,8888,0000,9999,品名,895.00,2009-5-4
141,8888,0000,9999,品名,785.00,2009-5-5
141,8888,0000,9999,品名,687.00,2009-5-6
141,8888,0000,9999,品名,892.00,2009-5-7
141,8888,0000,9999,品名,907.00,2009-5-8
141,8888,0000,9999,品名,1031.00,2009-5-9
141,8888,0000,9999,品名,1035.00,2009-5-10
141,8888,0000,9999,品名,594.00,2009-5-11
141,8888,0000,9999,品名,955,2009-5-12
141,8888,0000,9999,品名,583,2009-5-13
141,8888,0000,9999,品名,619,2009-5-14
141,8888,0000,9999,品名,1017,2009-5-15
141,8888,0000,9999,品名,1177.4,2009-5-16
141,8888,0000,9999,品名,1212.2,2009-5-17
141,8888,0000,9999,品名,612.6,2009-5-18
141,8888,0000,9999,品名,752.8,2009-5-19
141,8888,0000,9999,品名,724.2,2009-5-20
141,8888,0000,9999,品名,744,2009-5-21
141,8888,0000,9999,品名,1168.22,2009-5-22
141,8888,0000,9999,品名,1083.6,2009-5-23
141,8888,0000,9999,品名,1566.6,2009-5-24
141,8888,0000,9999,品名,876.2,2009-5-25
141,8888,0000,9999,品名,1045.8,2009-5-26
141,8888,0000,9999,品名,1122.8,2009-5-27
141,8888,0000,9999,品名,1390.6,2009-5-28
141,8888,0000,9999,品名,1567.6,2009-5-29
141,8888,0000,9999,品名,1221.48,2009-5-30
141,8888,0000,9999,品名,1123.6,2009-5-31
142,8888,0000,9999,品名,609.00,2009-5-1
142,8888,0000,9999,品名,464.00,2009-5-2
142,8888,0000,9999,品名,512.00,2009-5-3
142,8888,0000,9999,品名,536.00,2009-5-4
142,8888,0000,9999,品名,269.50,2009-5-5
142,8888,0000,9999,品名,190.00,2009-5-6
142,8888,0000,9999,品名,411.00,2009-5-7
142,8888,0000,9999,品名,370.00,2009-5-8
142,8888,0000,9999,品名,381.00,2009-5-9
142,8888,0000,9999,品名,474.00,2009-5-10
142,8888,0000,9999,品名,258.00,2009-5-11
142,8888,0000,9999,品名,321,2009-5-12
142,8888,0000,9999,品名,211,2009-5-13
142,8888,0000,9999,品名,338,2009-5-14
142,8888,0000,9999,品名,579,2009-5-15
142,8888,0000,9999,品名,439.4,2009-5-16
142,8888,0000,9999,品名,551.2,2009-5-17
142,8888,0000,9999,品名,419,2009-5-18
142,8888,0000,9999,品名,521.6,2009-5-19
142,8888,0000,9999,品名,337.4,2009-5-20
142,8888,0000,9999,品名,575.4,2009-5-21
142,8888,0000,9999,品名,536,2009-5-22
142,8888,0000,9999,品名,1037.6,2009-5-23
142,8888,0000,9999,品名,761.6,2009-5-24
142,8888,0000,9999,品名,712.4,2009-5-25
142,8888,0000,9999,品名,720,2009-5-26
142,8888,0000,9999,品名,1017.6,2009-5-27
142,8888,0000,9999,品名,789.4,2009-5-28
142,8888,0000,9999,品名,1004.4,2009-5-29
142,8888,0000,9999,品名,788.8,2009-5-30
142,8888,0000,9999,品名,760.2,2009-5-31
143,8888,0000,9999,品名,1836.00,2009-5-1
143,8888,0000,9999,品名,1912.00,2009-5-2
143,8888,0000,9999,品名,1967.00,2009-5-3
143,8888,0000,9999,品名,1250.00,2009-5-4
143,8888,0000,9999,品名,1258.00,2009-5-5
143,8888,0000,9999,品名,1239.00,2009-5-6
143,8888,0000,9999,品名,1400.00,2009-5-7
143,8888,0000,9999,品名,1455.00,2009-5-8
143,8888,0000,9999,品名,2185.00,2009-5-9
143,8888,0000,9999,品名,1808.00,2009-5-10
143,8888,0000,9999,品名,1178.00,2009-5-11
143,8888,0000,9999,品名,1242,2009-5-12
143,8888,0000,9999,品名,1063,2009-5-13
143,8888,0000,9999,品名,1005,2009-5-14
143,8888,0000,9999,品名,1551,2009-5-15
143,8888,0000,9999,品名,2248.84,2009-5-16
143,8888,0000,9999,品名,2806.2,2009-5-17
143,8888,0000,9999,品名,1692.6,2009-5-18
143,8888,0000,9999,品名,1744.4,2009-5-19
143,8888,0000,9999,品名,2006.4,2009-5-20
143,8888,0000,9999,品名,1713,2009-5-21
143,8888,0000,9999,品名,2031.4,2009-5-22
143,8888,0000,9999,品名,3075.2,2009-5-23
143,8888,0000,9999,品名,3252.4,2009-5-24
143,8888,0000,9999,品名,1819.2,2009-5-25
143,8888,0000,9999,品名,1870.2,2009-5-26
143,8888,0000,9999,品名,2386.4,2009-5-27
143,8888,0000,9999,品名,2765.8,2009-5-28
143,8888,0000,9999,品名,2560.2,2009-5-29
143,8888,0000,9999,品名,2575,2009-5-30
143,8888,0000,9999,品名,1605.4,2009-5-31
144,8888,0000,9999,品名,2442.00,2009-5-1
144,8888,0000,9999,品名,2668.00,2009-5-2
144,8888,0000,9999,品名,2127.00,2009-5-3
144,8888,0000,9999,品名,1984.00,2009-5-4
144,8888,0000,9999,品名,1821.00,2009-5-5
144,8888,0000,9999,品名,1649.00,2009-5-6
144,8888,0000,9999,品名,1728.00,2009-5-7
144,8888,0000,9999,品名,1613.00,2009-5-8
144,8888,0000,9999,品名,2676.00,2009-5-9
144,8888,0000,9999,品名,2750.00,2009-5-10
144,8888,0000,9999,品名,1753.00,2009-5-11
144,8888,0000,9999,品名,1960,2009-5-12
144,8888,0000,9999,品名,2103,2009-5-13
144,8888,0000,9999,品名,1738,2009-5-14
144,8888,0000,9999,品名,2873,2009-5-15
144,8888,0000,9999,品名,3191.4,2009-5-16
144,8888,0000,9999,品名,3523.6,2009-5-17
144,8888,0000,9999,品名,1899.8,2009-5-18
144,8888,0000,9999,品名,2588.6,2009-5-19
144,8888,0000,9999,品名,2527.36,2009-5-20
144,8888,0000,9999,品名,2740.8,2009-5-21
144,8888,0000,9999,品名,3442.1,2009-5-22
144,8888,0000,9999,品名,3163.9,2009-5-23
144,8888,0000,9999,品名,2981.4,2009-5-24
144,8888,0000,9999,品名,2870.4,2009-5-25
144,8888,0000,9999,品名,2864,2009-5-26
144,8888,0000,9999,品名,2674.9,2009-5-27
144,8888,0000,9999,品名,3443.5,2009-5-28
144,8888,0000,9999,品名,3186,2009-5-29
144,8888,0000,9999,品名,3088,2009-5-30
144,8888,0000,9999,品名,2467.8,2009-5-31
145,8888,0000,9999,品名,350.00,2009-5-1
145,8888,0000,9999,品名,317.00,2009-5-2
145,8888,0000,9999,品名,268.00,2009-5-3
145,8888,0000,9999,品名,145.00,2009-5-4
145,8888,0000,9999,品名,193.50,2009-5-5
145,8888,0000,9999,品名,163.00,2009-5-6
145,8888,0000,9999,品名,166.00,2009-5-7
145,8888,0000,9999,品名,163.00,2009-5-8
145,8888,0000,9999,品名,260.00,2009-5-9
145,8888,0000,9999,品名,368.00,2009-5-10
145,8888,0000,9999,品名,102.00,2009-5-11
145,8888,0000,9999,品名,153,2009-5-12
145,8888,0000,9999,品名,150,2009-5-13
145,8888,0000,9999,品名,163,2009-5-14
145,8888,0000,9999,品名,257,2009-5-15
145,8888,0000,9999,品名,302,2009-5-16
145,8888,0000,9999,品名,360,2009-5-17
145,8888,0000,9999,品名,168,2009-5-18
145,8888,0000,9999,品名,173,2009-5-19
145,8888,0000,9999,品名,173,2009-5-20
145,8888,0000,9999,品名,269,2009-5-21
145,8888,0000,9999,品名,302,2009-5-22
145,8888,0000,9999,品名,397,2009-5-23
145,8888,0000,9999,品名,356,2009-5-24
145,8888,0000,9999,品名,210,2009-5-25
145,8888,0000,9999,品名,199,2009-5-26
145,8888,0000,9999,品名,356,2009-5-27
145,8888,0000,9999,品名,360,2009-5-28
145,8888,0000,9999,品名,168,2009-5-29
145,8888,0000,9999,品名,388,2009-5-30
145,8888,0000,9999,品名,160,2009-5-31
146,8888,0000,9999,品名,280.00,2009-5-1
146,8888,0000,9999,品名,145.00,2009-5-2
146,8888,0000,9999,品名,210.00,2009-5-3
146,8888,0000,9999,品名,135.00,2009-5-4
146,8888,0000,9999,品名,110.00,2009-5-5
146,8888,0000,9999,品名,190.00,2009-5-6
146,8888,0000,9999,品名,150.00,2009-5-7
146,8888,0000,9999,品名,155.00,2009-5-8
146,8888,0000,9999,品名,270.00,2009-5-9
146,8888,0000,9999,品名,190.00,2009-5-10
146,8888,0000,9999,品名,175.00,2009-5-11
146,8888,0000,9999,品名,125,2009-5-12
146,8888,0000,9999,品名,125,2009-5-13
146,8888,0000,9999,品名,175,2009-5-14
146,8888,0000,9999,品名,200,2009-5-15
146,8888,0000,9999,品名,280,2009-5-16
146,8888,0000,9999,品名,240,2009-5-17
146,8888,0000,9999,品名,185,2009-5-18
146,8888,0000,9999,品名,160,2009-5-19
146,8888,0000,9999,品名,200,2009-5-20
146,8888,0000,9999,品名,155,2009-5-21
146,8888,0000,9999,品名,240,2009-5-22
146,8888,0000,9999,品名,195,2009-5-23
146,8888,0000,9999,品名,185,2009-5-24
146,8888,0000,9999,品名,115,2009-5-25
146,8888,0000,9999,品名,170,2009-5-26
146,8888,0000,9999,品名,165,2009-5-27
146,8888,0000,9999,品名,260,2009-5-28
146,8888,0000,9999,品名,235,2009-5-29
146,8888,0000,9999,品名,230,2009-5-30
146,8888,0000,9999,品名,150,2009-5-31
148,8888,0000,9999,品名,646.00,2009-5-1
148,8888,0000,9999,品名,632.00,2009-5-2
148,8888,0000,9999,品名,875.00,2009-5-3
148,8888,0000,9999,品名,600.00,2009-5-4
148,8888,0000,9999,品名,536.00,2009-5-5
148,8888,0000,9999,品名,630.00,2009-5-6
148,8888,0000,9999,品名,600.00,2009-5-7
148,8888,0000,9999,品名,748.00,2009-5-8
148,8888,0000,9999,品名,1082.00,2009-5-9
148,8888,0000,9999,品名,1141.00,2009-5-10
148,8888,0000,9999,品名,385.00,2009-5-11
148,8888,0000,9999,品名,504,2009-5-12
148,8888,0000,9999,品名,417,2009-5-13
148,8888,0000,9999,品名,391,2009-5-14
148,8888,0000,9999,品名,946,2009-5-15
148,8888,0000,9999,品名,1227,2009-5-16
148,8888,0000,9999,品名,969.2,2009-5-17
148,8888,0000,9999,品名,575.4,2009-5-18
148,8888,0000,9999,品名,774,2009-5-19
148,8888,0000,9999,品名,973,2009-5-20
148,8888,0000,9999,品名,1092.96,2009-5-21
148,8888,0000,9999,品名,1076.2,2009-5-22
148,8888,0000,9999,品名,1265,2009-5-23
148,8888,0000,9999,品名,1177.4,2009-5-24
148,8888,0000,9999,品名,942.2,2009-5-25
148,8888,0000,9999,品名,925.4,2009-5-26
148,8888,0000,9999,品名,1028.8,2009-5-27
148,8888,0000,9999,品名,1101.4,2009-5-28
148,8888,0000,9999,品名,1535.8,2009-5-29
148,8888,0000,9999,品名,1589.92,2009-5-30
148,8888,0000,9999,品名,1018.2,2009-5-31
149,8888,0000,9999,品名,280.00,2009-5-1
149,8888,0000,9999,品名,150.00,2009-5-2
149,8888,0000,9999,品名,150.00,2009-5-3
149,8888,0000,9999,品名,180.00,2009-5-4
149,8888,0000,9999,品名,130.00,2009-5-5
149,8888,0000,9999,品名,130.00,2009-5-6
149,8888,0000,9999,品名,120.00,2009-5-7
149,8888,0000,9999,品名,283.00,2009-5-8
149,8888,0000,9999,品名,230.00,2009-5-9
149,8888,0000,9999,品名,200.00,2009-5-10
149,8888,0000,9999,品名,170.00,2009-5-11
149,8888,0000,9999,品名,200,2009-5-12
149,8888,0000,9999,品名,280,2009-5-13
149,8888,0000,9999,品名,150,2009-5-14
149,8888,0000,9999,品名,190,2009-5-15
149,8888,0000,9999,品名,250,2009-5-16
149,8888,0000,9999,品名,250,2009-5-17
149,8888,0000,9999,品名,300,2009-5-18
149,8888,0000,9999,品名,220,2009-5-19
149,8888,0000,9999,品名,228,2009-5-20
149,8888,0000,9999,品名,168,2009-5-21
149,8888,0000,9999,品名,228,2009-5-22
149,8888,0000,9999,品名,268,2009-5-23
149,8888,0000,9999,品名,246,2009-5-24
149,8888,0000,9999,品名,190,2009-5-25
149,8888,0000,9999,品名,220,2009-5-26
149,8888,0000,9999,品名,168,2009-5-27
149,8888,0000,9999,品名,326,2009-5-28
149,8888,0000,9999,品名,286,2009-5-29
149,8888,0000,9999,品名,246,2009-5-30
149,8888,0000,9999,品名,200,2009-5-31
154,8888,0000,9999,品名,39243.00,2009-5-1
154,8888,0000,9999,品名,37015.00,2009-5-2
154,8888,0000,9999,品名,40012.00,2009-5-3
154,8888,0000,9999,品名,17280.00,2009-5-4
154,8888,0000,9999,品名,15176.00,2009-5-5
154,8888,0000,9999,品名,14390.00,2009-5-6
154,8888,0000,9999,品名,18001.00,2009-5-7
154,8888,0000,9999,品名,21384.00,2009-5-8
154,8888,0000,9999,品名,18540.00,2009-5-9
154,8888,0000,9999,品名,36361.00,2009-5-10
154,8888,0000,9999,品名,19885.00,2009-5-11
154,8888,0000,9999,品名,15609,2009-5-12
154,8888,0000,9999,品名,16972,2009-5-13
154,8888,0000,9999,品名,15376,2009-5-14
154,8888,0000,9999,品名,31237,2009-5-15
154,8888,0000,9999,品名,31184,2009-5-16
154,8888,0000,9999,品名,37912,2009-5-17
154,8888,0000,9999,品名,20755,2009-5-18
154,8888,0000,9999,品名,26976,2009-5-19
154,8888,0000,9999,品名,17588,2009-5-20
154,8888,0000,9999,品名,18538,2009-5-21
154,8888,0000,9999,品名,19184,2009-5-22
154,8888,0000,9999,品名,24960,2009-5-23
154,8888,0000,9999,品名,44022,2009-5-24
154,8888,0000,9999,品名,44136,2009-5-25
154,8888,0000,9999,品名,21739,2009-5-26
154,8888,0000,9999,品名,22441,2009-5-27
154,8888,0000,9999,品名,26796,2009-5-28
154,8888,0000,9999,品名,24951,2009-5-29
154,8888,0000,9999,品名,38468,2009-5-30
154,8888,0000,9999,品名,23812,2009-5-31
155,8888,0000,9999,品名,18755.00,2009-5-1
155,8888,0000,9999,品名,21827.00,2009-5-2
155,8888,0000,9999,品名,24625.00,2009-5-3
155,8888,0000,9999,品名,6890.00,2009-5-4
155,8888,0000,9999,品名,9300.00,2009-5-5
155,8888,0000,9999,品名,6600.00,2009-5-6
155,8888,0000,9999,品名,8400.00,2009-5-7
155,8888,0000,9999,品名,8300.00,2009-5-8
155,8888,0000,9999,品名,7800.00,2009-5-9
155,8888,0000,9999,品名,11456.00,2009-5-10
155,8888,0000,9999,品名,10550.00,2009-5-11
155,8888,0000,9999,品名,8700,2009-5-12
155,8888,0000,9999,品名,6880,2009-5-13
155,8888,0000,9999,品名,5648,2009-5-14
155,8888,0000,9999,品名,6513,2009-5-15
155,8888,0000,9999,品名,13410,2009-5-16
155,8888,0000,9999,品名,14180,2009-5-17
155,8888,0000,9999,品名,4800,2009-5-18
155,8888,0000,9999,品名,10200,2009-5-19
155,8888,0000,9999,品名,6500,2009-5-20
155,8888,0000,9999,品名,1658,2009-5-21
155,8888,0000,9999,品名,6180,2009-5-22
155,8888,0000,9999,品名,16150,2009-5-23
155,8888,0000,9999,品名,11920,2009-5-24
155,8888,0000,9999,品名,5600,2009-5-25
155,8888,0000,9999,品名,7250,2009-5-26
155,8888,0000,9999,品名,10400,2009-5-27
155,8888,0000,9999,品名,8300,2009-5-28
155,8888,0000,9999,品名,7950,2009-5-29
155,8888,0000,9999,品名,11000,2009-5-30
155,8888,0000,9999,品名,17342,2009-5-31
156,8888,0000,9999,品名,14110.00,2009-5-1
156,8888,0000,9999,品名,6000.00,2009-5-2
156,8888,0000,9999,品名,17868.00,2009-5-3
156,8888,0000,9999,品名,6224.00,2009-5-4
156,8888,0000,9999,品名,6987.00,2009-5-5
156,8888,0000,9999,品名,6824.00,2009-5-6
156,8888,0000,9999,品名,6984.00,2009-5-7
156,8888,0000,9999,品名,6200.00,2009-5-8
156,8888,0000,9999,品名,10014.00,2009-5-9
156,8888,0000,9999,品名,14501.00,2009-5-10
156,8888,0000,9999,品名,7982.00,2009-5-11
156,8888,0000,9999,品名,6984,2009-5-12
156,8888,0000,9999,品名,8457,2009-5-13
156,8888,0000,9999,品名,6874,2009-5-14
156,8888,0000,9999,品名,6935,2009-5-15
156,8888,0000,9999,品名,10078,2009-5-16
156,8888,0000,9999,品名,11234,2009-5-17
156,8888,0000,9999,品名,6982,2009-5-18
156,8888,0000,9999,品名,8598,2009-5-19
156,8888,0000,9999,品名,8243,2009-5-20
156,8888,0000,9999,品名,7078,2009-5-21
156,8888,0000,9999,品名,9087,2009-5-22
156,8888,0000,9999,品名,10031,2009-5-23
156,8888,0000,9999,品名,10047,2009-5-24
156,8888,0000,9999,品名,7700,2009-5-25
156,8888,0000,9999,品名,7400,2009-5-26
156,8888,0000,9999,品名,8100,2009-5-27
156,8888,0000,9999,品名,7200,2009-5-28
156,8888,0000,9999,品名,7214,2009-5-29
156,8888,0000,9999,品名,13587,2009-5-30
156,8888,0000,9999,品名,17241,2009-5-31
157,8888,0000,9999,品名,1587.00,2009-5-1
157,8888,0000,9999,品名,1113.00,2009-5-2
157,8888,0000,9999,品名,1027.00,2009-5-3
157,8888,0000,9999,品名,581.00,2009-5-4
157,8888,0000,9999,品名,704.00,2009-5-5
157,8888,0000,9999,品名,490.00,2009-5-6
157,8888,0000,9999,品名,674.00,2009-5-7
157,8888,0000,9999,品名,699.00,2009-5-8
157,8888,0000,9999,品名,1977.00,2009-5-9
157,8888,0000,9999,品名,1484.00,2009-5-10
157,8888,0000,9999,品名,556.00,2009-5-11
157,8888,0000,9999,品名,1141,2009-5-12
157,8888,0000,9999,品名,869,2009-5-13
157,8888,0000,9999,品名,646,2009-5-14
157,8888,0000,9999,品名,1546,2009-5-15
157,8888,0000,9999,品名,1476.2,2009-5-16
157,8888,0000,9999,品名,2153,2009-5-17
157,8888,0000,9999,品名,1078.2,2009-5-18
157,8888,0000,9999,品名,1688.2,2009-5-19
157,8888,0000,9999,品名,917.4,2009-5-20
157,8888,0000,9999,品名,1722,2009-5-21
157,8888,0000,9999,品名,1988.6,2009-5-22
157,8888,0000,9999,品名,2448.8,2009-5-23
157,8888,0000,9999,品名,2036.2,2009-5-24
157,8888,0000,9999,品名,1601.8,2009-5-25
157,8888,0000,9999,品名,1778.6,2009-5-26
157,8888,0000,9999,品名,1591,2009-5-27
157,8888,0000,9999,品名,2836.7,2009-5-28
157,8888,0000,9999,品名,2150.8,2009-5-29
157,8888,0000,9999,品名,2237.8,2009-5-30
157,8888,0000,9999,品名,1632.1,2009-5-31
158,8888,0000,9999,品名,220.00,2009-5-1
158,8888,0000,9999,品名,190.00,2009-5-2
158,8888,0000,9999,品名,220.00,2009-5-3
158,8888,0000,9999,品名,190.00,2009-5-4
158,8888,0000,9999,品名,190.00,2009-5-5
158,8888,0000,9999,品名,170.00,2009-5-6
158,8888,0000,9999,品名,170.00,2009-5-7
158,8888,0000,9999,品名,160.00,2009-5-8
158,8888,0000,9999,品名,170.00,2009-5-9
158,8888,0000,9999,品名,210.00,2009-5-10
158,8888,0000,9999,品名,240.00,2009-5-11
158,8888,0000,9999,品名,205,2009-5-12
158,8888,0000,9999,品名,230,2009-5-13
158,8888,0000,9999,品名,200,2009-5-14
158,8888,0000,9999,品名,210,2009-5-15
158,8888,0000,9999,品名,230,2009-5-16
158,8888,0000,9999,品名,270,2009-5-17
158,8888,0000,9999,品名,220,2009-5-18
158,8888,0000,9999,品名,227,2009-5-19
158,8888,0000,9999,品名,230,2009-5-20
158,8888,0000,9999,品名,190,2009-5-21
158,8888,0000,9999,品名,230,2009-5-22
158,8888,0000,9999,品名,220,2009-5-23
158,8888,0000,9999,品名,190,2009-5-24
158,8888,0000,9999,品名,251,2009-5-25
158,8888,0000,9999,品名,230,2009-5-26
158,8888,0000,9999,品名,190,2009-5-27
158,8888,0000,9999,品名,220,2009-5-28
158,8888,0000,9999,品名,270,2009-5-29
158,8888,0000,9999,品名,180,2009-5-30
158,8888,0000,9999,品名,90,2009-5-31
160,8888,0000,9999,品名,1978.00,2009-5-1
160,8888,0000,9999,品名,1460.00,2009-5-2
160,8888,0000,9999,品名,826.00,2009-5-3
160,8888,0000,9999,品名,864.00,2009-5-4
160,8888,0000,9999,品名,20682.00,2009-5-5
160,8888,0000,9999,品名,1163.00,2009-5-6
160,8888,0000,9999,品名,982.00,2009-5-7
160,8888,0000,9999,品名,1204.00,2009-5-8
160,8888,0000,9999,品名,965.00,2009-5-9
160,8888,0000,9999,品名,1215.00,2009-5-10
160,8888,0000,9999,品名,1596.00,2009-5-11
160,8888,0000,9999,品名,1005,2009-5-12
160,8888,0000,9999,品名,1650,2009-5-13
160,8888,0000,9999,品名,896,2009-5-14
160,8888,0000,9999,品名,1010,2009-5-15
160,8888,0000,9999,品名,1347,2009-5-16
160,8888,0000,9999,品名,3317,2009-5-17
160,8888,0000,9999,品名,935,2009-5-18
160,8888,0000,9999,品名,659,2009-5-19
160,8888,0000,9999,品名,582,2009-5-20
160,8888,0000,9999,品名,511,2009-5-21
160,8888,0000,9999,品名,1102,2009-5-22
160,8888,0000,9999,品名,1312,2009-5-23
160,8888,0000,9999,品名,3179,2009-5-24
160,8888,0000,9999,品名,583,2009-5-25
160,8888,0000,9999,品名,680,2009-5-26
160,8888,0000,9999,品名,1100,2009-5-27
160,8888,0000,9999,品名,1231,2009-5-28
160,8888,0000,9999,品名,1321,2009-5-29
160,8888,0000,9999,品名,537,2009-5-30
160,8888,0000,9999,品名,683,2009-5-31
