101,8888,0000,9999,틔츰,1354656.57,2008-04-01
101,8888,0000,9999,틔츰,1356889.34,2008-05-01
101,8888,0000,9999,틔츰,1434378.34,2008-06-01
101,8888,0000,9999,틔츰,1827927.16,2008-07-01
101,8888,0000,9999,틔츰,1872725.51,2008-08-01
101,8888,0000,9999,틔츰,1581680.99,2008-09-01
101,8888,0000,9999,틔츰,1528366,2009-04-01
102,8888,0000,9999,틔츰,113883,2008-04-01
102,8888,0000,9999,틔츰,125851,2008-05-01
102,8888,0000,9999,틔츰,151052,2008-06-01
102,8888,0000,9999,틔츰,189443,2008-07-01
102,8888,0000,9999,틔츰,142521,2008-08-01
102,8888,0000,9999,틔츰,111185,2008-09-01
102,8888,0000,9999,틔츰,117230,2009-04-01
103,8888,0000,9999,틔츰,154132,2008-04-01
103,8888,0000,9999,틔츰,213886,2008-05-01
103,8888,0000,9999,틔츰,175298,2008-06-01
103,8888,0000,9999,틔츰,162377,2008-07-01
103,8888,0000,9999,틔츰,164320,2008-08-01
103,8888,0000,9999,틔츰,225391,2008-09-01
103,8888,0000,9999,틔츰,190748,2009-04-01
105,8888,0000,9999,틔츰,26845309.82,2008-04-01
105,8888,0000,9999,틔츰,33512677.3,2008-05-01
105,8888,0000,9999,틔츰,34962173.18,2008-06-01
105,8888,0000,9999,틔츰,38397416.16,2008-07-01
105,8888,0000,9999,틔츰,35752384.79,2008-08-01
105,8888,0000,9999,틔츰,39642634.32,2008-09-01
105,8888,0000,9999,틔츰,33108711.78,2009-04-01
106,8888,0000,9999,틔츰,35431,2008-04-01
106,8888,0000,9999,틔츰,44457,2008-05-01
106,8888,0000,9999,틔츰,33288,2008-06-01
106,8888,0000,9999,틔츰,40395,2008-07-01
106,8888,0000,9999,틔츰,37404,2008-08-01
106,8888,0000,9999,틔츰,42746,2008-09-01
106,8888,0000,9999,틔츰,47795,2009-04-01
107,8888,0000,9999,틔츰,872728,2008-04-01
107,8888,0000,9999,틔츰,1025788,2008-05-01
107,8888,0000,9999,틔츰,1012280,2008-06-01
107,8888,0000,9999,틔츰,1199002,2008-07-01
107,8888,0000,9999,틔츰,1195451,2008-08-01
107,8888,0000,9999,틔츰,957929.02,2008-09-01
107,8888,0000,9999,틔츰,899664,2009-04-01
108,8888,0000,9999,틔츰,178500,2008-04-01
108,8888,0000,9999,틔츰,248700,2008-05-01
108,8888,0000,9999,틔츰,188170,2008-06-01
108,8888,0000,9999,틔츰,222346,2008-07-01
108,8888,0000,9999,틔츰,209107,2008-08-01
108,8888,0000,9999,틔츰,230489,2008-09-01
108,8888,0000,9999,틔츰,203080,2009-04-01
109,8888,0000,9999,틔츰,174304,2008-04-01
109,8888,0000,9999,틔츰,204625,2008-05-01
109,8888,0000,9999,틔츰,228286,2008-06-01
109,8888,0000,9999,틔츰,236447,2008-07-01
109,8888,0000,9999,틔츰,223439,2008-08-01
109,8888,0000,9999,틔츰,196037,2008-09-01
109,8888,0000,9999,틔츰,180040,2009-04-01
110,8888,0000,9999,틔츰,4500000,2008-04-01
110,8888,0000,9999,틔츰,6600000,2008-05-01
110,8888,0000,9999,틔츰,4500000,2008-06-01
110,8888,0000,9999,틔츰,6200000,2008-07-01
110,8888,0000,9999,틔츰,4000000,2008-08-01
110,8888,0000,9999,틔츰,3660000,2008-09-01
110,8888,0000,9999,틔츰,4120000,2009-04-01
111,8888,0000,9999,틔츰,34745,2008-04-01
111,8888,0000,9999,틔츰,27811,2008-05-01
111,8888,0000,9999,틔츰,31814,2008-06-01
111,8888,0000,9999,틔츰,18746,2008-07-01
111,8888,0000,9999,틔츰,26942,2008-08-01
111,8888,0000,9999,틔츰,28886,2008-09-01
111,8888,0000,9999,틔츰,24745,2009-04-01
112,8888,0000,9999,틔츰,134686,2008-04-01
112,8888,0000,9999,틔츰,142193,2008-05-01
112,8888,0000,9999,틔츰,132938,2008-06-01
112,8888,0000,9999,틔츰,121690,2008-07-01
112,8888,0000,9999,틔츰,122133,2008-08-01
112,8888,0000,9999,틔츰,170516,2008-09-01
112,8888,0000,9999,틔츰,115100,2009-04-01
113,8888,0000,9999,틔츰,102445,2008-04-01
113,8888,0000,9999,틔츰,121082,2008-05-01
113,8888,0000,9999,틔츰,112169,2008-06-01
113,8888,0000,9999,틔츰,255126,2008-07-01
113,8888,0000,9999,틔츰,126662,2008-08-01
113,8888,0000,9999,틔츰,118584,2008-09-01
113,8888,0000,9999,틔츰,120018,2009-04-01
114,8888,0000,9999,틔츰,1193052,2008-04-01
114,8888,0000,9999,틔츰,1125124.14,2008-05-01
114,8888,0000,9999,틔츰,1149454,2008-06-01
114,8888,0000,9999,틔츰,1159980,2008-07-01
114,8888,0000,9999,틔츰,1140973,2008-08-01
114,8888,0000,9999,틔츰,1320622,2008-09-01
114,8888,0000,9999,틔츰,1301800,2009-04-01
115,8888,0000,9999,틔츰,1130234,2008-04-01
115,8888,0000,9999,틔츰,1348239,2008-05-01
115,8888,0000,9999,틔츰,1350185,2008-06-01
115,8888,0000,9999,틔츰,2414669,2008-07-01
115,8888,0000,9999,틔츰,1219377,2008-08-01
115,8888,0000,9999,틔츰,1411929,2008-09-01
115,8888,0000,9999,틔츰,1370692,2009-04-01
116,8888,0000,9999,틔츰,113752,2008-04-01
116,8888,0000,9999,틔츰,133070,2008-05-01
116,8888,0000,9999,틔츰,137844,2008-06-01
116,8888,0000,9999,틔츰,142897,2008-07-01
116,8888,0000,9999,틔츰,135795,2008-08-01
116,8888,0000,9999,틔츰,127061,2008-09-01
116,8888,0000,9999,틔츰,130005,2009-04-01
117,8888,0000,9999,틔츰,1209850,2008-04-01
117,8888,0000,9999,틔츰,1222991.2,2008-05-01
117,8888,0000,9999,틔츰,1080133.6,2008-06-01
117,8888,0000,9999,틔츰,1308743.1,2008-07-01
117,8888,0000,9999,틔츰,1376957,2008-08-01
117,8888,0000,9999,틔츰,1478159.8,2008-09-01
118,8888,0000,9999,틔츰,81344,2008-04-01
118,8888,0000,9999,틔츰,70940,2008-05-01
118,8888,0000,9999,틔츰,130336,2008-06-01
118,8888,0000,9999,틔츰,121126,2008-07-01
118,8888,0000,9999,틔츰,96726,2008-08-01
118,8888,0000,9999,틔츰,111028,2008-09-01
118,8888,0000,9999,틔츰,119040,2009-04-01
119,8888,0000,9999,틔츰,46806,2008-04-01
119,8888,0000,9999,틔츰,101655,2008-05-01
119,8888,0000,9999,틔츰,119651,2008-06-01
119,8888,0000,9999,틔츰,105678,2008-07-01
119,8888,0000,9999,틔츰,95178,2008-08-01
119,8888,0000,9999,틔츰,106096,2008-09-01
119,8888,0000,9999,틔츰,81035,2009-04-01
120,8888,0000,9999,틔츰,90723,2008-04-01
120,8888,0000,9999,틔츰,78731,2008-05-01
120,8888,0000,9999,틔츰,103457,2008-06-01
120,8888,0000,9999,틔츰,158560,2008-07-01
120,8888,0000,9999,틔츰,109258,2008-08-01
120,8888,0000,9999,틔츰,119904,2008-09-01
120,8888,0000,9999,틔츰,92093,2009-04-01
121,8888,0000,9999,틔츰,13548,2008-04-01
121,8888,0000,9999,틔츰,55636,2008-05-01
121,8888,0000,9999,틔츰,79056,2008-06-01
121,8888,0000,9999,틔츰,82528,2008-07-01
121,8888,0000,9999,틔츰,100154,2008-08-01
121,8888,0000,9999,틔츰,105813,2008-09-01
121,8888,0000,9999,틔츰,63865,2009-04-01
122,8888,0000,9999,틔츰,3023,2008-04-01
122,8888,0000,9999,틔츰,2648,2008-05-01
122,8888,0000,9999,틔츰,3346,2008-06-01
122,8888,0000,9999,틔츰,2302,2008-07-01
122,8888,0000,9999,틔츰,2771,2008-08-01
122,8888,0000,9999,틔츰,3128,2008-09-01
122,8888,0000,9999,틔츰,2326,2009-04-01
123,8888,0000,9999,틔츰,1108,2008-08-01
123,8888,0000,9999,틔츰,1748,2008-09-01
123,8888,0000,9999,틔츰,1879,2009-04-01
125,8888,0000,9999,틔츰,132138,2008-04-01
125,8888,0000,9999,틔츰,131786,2008-05-01
125,8888,0000,9999,틔츰,159189,2008-06-01
125,8888,0000,9999,틔츰,143842,2008-07-01
125,8888,0000,9999,틔츰,140608,2008-08-01
125,8888,0000,9999,틔츰,169691,2008-09-01
125,8888,0000,9999,틔츰,124113,2009-04-01
133,8888,0000,9999,틔츰,8503,2008-04-01
133,8888,0000,9999,틔츰,24686,2008-05-01
133,8888,0000,9999,틔츰,18264,2008-06-01
133,8888,0000,9999,틔츰,18991,2008-07-01
133,8888,0000,9999,틔츰,24985,2008-08-01
133,8888,0000,9999,틔츰,25218,2008-09-01
133,8888,0000,9999,틔츰,29862,2009-04-01
137,8888,0000,9999,틔츰,114429,2008-08-01
137,8888,0000,9999,틔츰,169349.94,2008-09-01
137,8888,0000,9999,틔츰,147617.52,2009-04-01
138,8888,0000,9999,틔츰,24910,2008-08-01
138,8888,0000,9999,틔츰,29680.24,2008-09-01
138,8888,0000,9999,틔츰,16472,2009-04-01
139,8888,0000,9999,틔츰,25949,2008-08-01
139,8888,0000,9999,틔츰,33115.4,2008-09-01
139,8888,0000,9999,틔츰,11135,2009-04-01
140,8888,0000,9999,틔츰,19193,2008-08-01
140,8888,0000,9999,틔츰,31576.6,2008-09-01
140,8888,0000,9999,틔츰,30441,2009-04-01
141,8888,0000,9999,틔츰,25974,2008-08-01
141,8888,0000,9999,틔츰,40885.2,2008-09-01
141,8888,0000,9999,틔츰,27627.6,2009-04-01
142,8888,0000,9999,틔츰,21933,2008-08-01
142,8888,0000,9999,틔츰,22834.7,2008-09-01
142,8888,0000,9999,틔츰,16386,2009-04-01
143,8888,0000,9999,틔츰,36272,2008-08-01
143,8888,0000,9999,틔츰,52026.7,2008-09-01
143,8888,0000,9999,틔츰,47653,2009-04-01
144,8888,0000,9999,틔츰,37960,2008-08-01
144,8888,0000,9999,틔츰,55124.3,2008-09-01
144,8888,0000,9999,틔츰,59572,2009-04-01
145,8888,0000,9999,틔츰,7870,2008-08-01
145,8888,0000,9999,틔츰,11635,2008-09-01
145,8888,0000,9999,틔츰,7897.5,2009-04-01
146,8888,0000,9999,틔츰,8285,2008-08-01
146,8888,0000,9999,틔츰,11293,2008-09-01
146,8888,0000,9999,틔츰,6424,2009-04-01
148,8888,0000,9999,틔츰,12815,2008-08-01
148,8888,0000,9999,틔츰,34106,2008-09-01
148,8888,0000,9999,틔츰,23656.7,2009-04-01
149,8888,0000,9999,틔츰,8682,2008-08-01
149,8888,0000,9999,틔츰,15745,2008-09-01
154,8888,0000,9999,틔츰,945589,2008-04-01
154,8888,0000,9999,틔츰,1563664,2008-05-01
154,8888,0000,9999,틔츰,724103,2008-06-01
154,8888,0000,9999,틔츰,792464,2008-07-01
154,8888,0000,9999,틔츰,726899,2008-08-01
154,8888,0000,9999,틔츰,913039,2008-09-01
155,8888,0000,9999,틔츰,409898,2008-04-01
155,8888,0000,9999,틔츰,318827,2008-05-01
155,8888,0000,9999,틔츰,235876,2008-06-01
155,8888,0000,9999,틔츰,201373,2008-07-01
155,8888,0000,9999,틔츰,189588,2008-08-01
155,8888,0000,9999,틔츰,257761,2008-09-01
155,8888,0000,9999,틔츰,237893,2009-04-01
156,8888,0000,9999,틔츰,301256,2008-04-01
156,8888,0000,9999,틔츰,318827,2008-05-01
156,8888,0000,9999,틔츰,300126,2008-06-01
156,8888,0000,9999,틔츰,301024,2008-07-01
156,8888,0000,9999,틔츰,300529,2008-08-01
156,8888,0000,9999,틔츰,291025,2008-09-01
157,8888,0000,9999,틔츰,24674,2008-08-01
157,8888,0000,9999,틔츰,69426.9,2008-09-01
157,8888,0000,9999,틔츰,32966,2009-04-01
158,8888,0000,9999,틔츰,24674,2008-08-01
158,8888,0000,9999,틔츰,31912,2008-09-01
158,8888,0000,9999,틔츰,17920,2009-04-01
160,8888,0000,9999,틔츰,36663,2008-04-01
160,8888,0000,9999,틔츰,36597,2008-05-01
160,8888,0000,9999,틔츰,31592,2008-06-01
160,8888,0000,9999,틔츰,57462,2008-07-01
160,8888,0000,9999,틔츰,66492,2008-08-01
160,8888,0000,9999,틔츰,75645,2008-09-01
160,8888,0000,9999,틔츰,43721,2009-04-01
